14.387682797166374
67.94073164035372
14.387682797166374
14.387682797166374
23.37268325548658
23.37268325548658
14.387682797166374
16.538326925955083
67.94073164035372
67.94073164035372
14.387682797166374
16.538326925955083
16.538326925955083
16.538326925955083
23.37268325548658
16.538326925955083
67.94073164035372
16.538326925955083
23.37268325548658
14.387682797166374
23.37268325548658
67.94073164035372
23.37268325548658
23.37268325548658
23.37268325548658
67.94073164035372
67.94073164035372
16.538326925955083
16.538326925955083
67.94073164035372
14.387682797166374
67.94073164035372
16.538326925955083
67.94073164035372
67.94073164035372
23.37268325548658
67.94073164035372
16.538326925955083
16.538326925955083
14.387682797166374
23.37268325548658
14.387682797166374
16.538326925955083
67.94073164035372
23.37268325548658
23.37268325548658
23.37268325548658
23.37268325548658
16.538326925955083
16.538326925955083
