39.19300138381022
74.74930684292964
58.34975219162934
69.89689342037006
36.72812242451801
56.77724236179437
26.562757149965513
39.18162157171336
71.38012232320087
51.46343481794102
45.28905403143425
97.85413728733091
69.12993123018875
61.37324892571976
113.87829364549472
22.439445993046753
23.239520777228808
47.73820798245836
29.471515926036155
70.19269908873838
26.410608751402002
26.581156280454845
48.56104174303094
73.08167714196031
45.55473363304726
23.94034731708142
24.29092408995721
27.861741799484818
71.75972752158336
25.600659610383055
37.53235847548713
11.402291270021225
43.40390315367759
53.89380799598231
48.903822303832506
50.02590440112284
17.203497778510684
45.22579302577896
37.56727345300802
57.012958321594525
18.68269786526287
74.07245533262328
85.8540296815419
49.07111781802295
55.31634053206054
40.70318839951962
57.34949769770429
34.53593773792695
149.11869786995962
78.50951387306904
47.44963687760953
102.33681504523
54.948776851484695
53.613519676389856
19.231199534152275
38.90841974310838
26.331411002448025
54.29555551911344
82.14178401182234
25.37150590414587
67.1183511628792
119.77491817482813
35.96136089830112
60.953013914166554
47.22250371381392
36.26025786271143
137.77626137465782
60.8787643285723
63.602646088483674
84.12882103446633
22.004542531941077
11.163943010845433
92.0294759553252
36.293502960334095
89.02976681289545
59.21249184556227
11.917145491876045
60.713263930009326
60.06745781367243
68.49369448702534
35.359886763455904
44.35922937953273
37.024211185428
76.92818327706654
42.43516772406265
18.906330026434855
102.60769796260759
37.2932934908097
81.61698207181642
107.33618428461952
6.0862572957239065
98.06656272948344
127.39406708292432
22.70827224348327
24.10011744060499
38.407388125325724
38.079817302662775
18.28940623188019
59.590633143808894
53.72900667684397
51.77013019107919
87.37935264289311
14.889344647350951
45.44093601837286
48.99750850820502
50.472556918333176
3.8402913599521185
51.641836918475725
67.56543520780409
26.594419690676034
109.39856543330134
88.15947803520682
40.436234663220446
77.49105913656864
77.14065154260456
28.211478156785372
41.538294765430145
84.42919272243883
58.02875050022071
81.98388908064868
45.431130475451994
72.74747047904975
66.96776852260034
71.29884468540489
20.776777676825947
97.88561949510581
49.16938320388992
39.31092928670167
69.15696684971805
38.55114490092184
120.09727403599439
109.92373239186422
15.012109089156475
46.53813746394631
133.17975372774154
35.39337185675434
40.9713113693502
40.14739487506423
72.5716512154674
113.47653417422488
28.37433884324331
85.12719885558265
57.214216558823914
1.4790865554732084
50.03136423162172
37.29192199543955
63.737510886550886
39.45007043470087
44.0148056508448
43.01256664986207
56.198497245133986
17.03708005415869
38.062102374127804
29.817169340875697
59.88421508726562
92.47590896363255
68.05231970092159
43.58471947955129
48.97151666913235
43.19086166004543
43.52428983839919
26.861024480933356
9.856990847044852
51.58841645922471
69.08882038408336
19.32940303088388
27.761961391534513
30.00787612437705
21.41959402984716
61.01593273413584
94.21412726622826
64.6104890677512
71.20635429383108
16.618756230191313
61.264025961369555
53.1209936893155
63.75639605241059
60.88891160072061
51.46453045295124
47.62875245096726
90.19473657163851
72.31456664402779
12.174231297909824
13.05755641305511
31.97903281461447
67.08057734901395
49.923690613975545
66.6955041788033
50.03467116430503
47.77153811140983
50.24029160389367
33.09162135057034
14.55567507387338
20.231820043167687
56.20647162112252
31.049992526370836
27.627255011368554
67.67511286322063
91.33107045844203
24.551506428000366
14.916650963618537
73.54837541060144
41.94557228563035
24.163909347435453
18.600162829821606
20.830262072092772
56.450618397053184
62.4830962789803
60.685632748313935
38.43641198031203
41.19654665714708
60.21493896858532
107.7615357790355
69.04614105458506
18.39037683711
54.06950976159541
40.97594046845146
64.47743609694936
16.47849953814339
55.155457613248835
59.57288778688732
33.87850812006896
60.41134598399959
64.47966134344483
61.65447299965672
56.952904522828725
15.261290907083628
41.518966500899516
52.74798513169688
65.94408935449867
57.06892444878318
50.1755612733158
62.98486251463649
28.936524649041456
41.69748355691154
85.93278828215064
77.62298075967956
47.2188509564004
55.46923638154496
37.94086386444745
29.643935871299654
31.491295515949847
85.7818920361446
34.4574030660091
102.70033809908286
106.4536633980309
51.70802785758592
25.343483703436053
36.85045153684666
51.76220553666628
57.54285704832013
33.71339969583079
61.47915032478596
55.403020615623014
31.70531286120034
20.4481454217223
84.83495412671009
49.27277951465569
26.728917151342912
24.827762381824183
58.45242924808496
78.08030855038761
22.517685024037164
11.167612227772407
126.49258531101545
47.26603272902316
14.506095879682945
96.77366746154954
42.04933321888325
99.13654821776554
86.55882882287528
18.99191607443383
43.51275243442902
29.78624212533444
85.94251160944515
89.5938374413078
50.28467206450642
37.77853154079886
22.941154112398685
24.84474099910527
45.31378723793318
17.355967351867978
23.358726202869608
17.096579206367572
60.43142837541622
53.84703377889394
26.93703811468338
38.9170539974865
66.91491200248626
80.73997765476263
35.815187394007154
59.5132116103499
39.1165699044022
73.45733167376356
65.70920640388971
96.62019560374891
25.675299904848035
22.20699784786838
68.52271978045293
35.285089175529826
65.71646266222568
39.63343561718481
42.741438353110766
56.42723658746899
26.969869937026342
38.680781827806626
42.10518367419493
32.56473885991112
76.45630334546303
38.78680648082447
95.49868588702644
82.48940971958652
33.141025468567044
101.73022718868313
48.79414393839648
31.482461011260348
41.93349921056063
40.208957827400695
72.53915396358799
60.53639811986248
72.88040516421454
135.17709145967555
35.897108641668474
98.12848165712195
88.80837637382028
57.45140240209718
53.104311462295854
60.57878417180301
59.1303197426445
62.29276985486775
16.231428697615986
37.65442995935827
42.22867269067353
50.51256544163469
117.97407440451303
88.77394759814062
43.39976618381943
53.06138990329094
48.97958616029587
36.23300067575221
19.13495684223147
35.35532429896451
45.61281430134846
65.97174611185437
42.94074216725493
36.491776653871646
25.397006316035974
29.03199659871283
40.33734297346062
48.75979016533821
64.76237872861535
65.96202383850226
63.94746211660663
51.70876006611444
21.139236848857426
60.63860741073782
35.75964455953748
35.0327453005697
45.738631602460494
31.074972453369018
75.58199835620158
60.63093395499973
19.16101088830439
32.99192097058818
83.56171829047229
73.3226098230781
37.836653645578956
29.855685352522254
32.52434899431531
75.38083872254282
64.97183874392816
24.979607057569634
34.51686074305503
27.2075645175281
69.12206009494977
79.30807800449551
38.24705204556243
77.172424836554
89.1793270610383
74.33247684231426
101.13160619835905
51.749313275144935
54.38365489623054
48.29851027939864
49.24650551930915
12.837808380136956
58.45293413439434
79.29999192588171
70.93320498558931
45.080274328373946
23.314425436867207
41.878694632567694
72.21535577521844
26.123422256663076
39.334506254229666
57.75695951033771
71.84126301011742
14.79979191864149
32.67773392714381
71.6931344593159
65.06625375439356
61.10341832771431
76.69561160268724
51.35052094902668
37.286328210220766
21.047663765372324
11.632353828534619
49.135275256674625
31.49283981653528
37.81024261454562
98.60728928923415
22.111574739778245
61.77482110823876
38.239620081079686
51.4264064377542
19.649642898811777
67.96729680355446
55.87251778449268
79.87250570562469
101.09661508883812
67.80702411838867
37.62187066516268
45.764747310110614
59.01465428087153
84.85293477213513
38.435304004388954
93.19696766172495
141.17041195356146
44.06010693948682
30.028271316405984
64.69573606838613
28.96853576031491
95.24464226182562
80.80430930896063
71.03118899648317
20.851053996816198
104.47785494378049
29.68922484331662
54.59080844414604
56.74385835871381
45.98934514078884
19.50731940133605
36.31687793360005
58.04424734430636
46.61992998214852
102.18474009828275
38.733089238900526
23.52198569843089
20.560181646727028
40.63822244956932
43.73215626533102
72.63628735960025
67.9432957954422
27.609765525496815
7.041479690953326
47.76592693304524
54.37208254704655
66.18134042061625
54.21231736407481
25.879851202408034
37.757003623665035
42.67326684281882
62.27566075068449
17.428854865641675
46.655329625447656
29.59008609434926
47.205723215384104
59.25477740315578
28.179709405107822
61.68168493663296
23.994807088330397
30.46311268960523
31.334071697397004
64.89536499627933
45.6001492457391
81.96786717452005
34.428277148341074
44.61755536677571
68.53043514107658
138.59551907774357
100.61342800341008
44.30055808284348
84.19809378449729
60.63216456887616
50.75682171477831
96.69880438162609
61.873983150202406
48.62375165626532
99.63190461799972
39.65376340069899
17.654419206146258
58.682333275683135
81.51428201181723
64.50808891619911
39.43789438091633
34.816592853908105
66.60563105907875
91.58458847906415
38.48072354172079
46.48665591542097
