[0.5617506638928296, 2.154737156945245, -0.41986870534351795, 0.030143058945690325]
[-0.42739791915279435, 2.5538001055196142, -0.4614631521057829, 0.03216582593465332]
[0.4269407099795357, 2.2351876365058208, -0.41710651405501364, 0.029697599165461875]
[1.4871892624635232, 2.3816050285995787, -0.47092649892112487, 0.032756352849591816]
[0.9375424128357635, 2.1395224164598434, -0.44016721351084137, 0.03214695463472742]
[0.9919957594753597, 2.1693169092401856, -0.40988038116170816, 0.029030485716437376]
[1.0558592408276688, 2.1549057003575296, -0.39716425644169556, 0.02731080870697631]
[0.7743758116416921, 2.5008011071790373, -0.4770973226816461, 0.03263445866138827]
[1.623903520903673, 2.1913951872361297, -0.41022958242244073, 0.026780011545542066]
[1.7434668448696695, 2.0685765680993313, -0.43889218284041276, 0.033405695425518286]
[0.6224950468648904, 2.366385993600707, -0.4435193885415377, 0.030856970782555976]
[0.0770613744100741, 2.6717740884422145, -0.4510713340705207, 0.029040276934159767]
[2.129508344656073, 2.114866530385739, -0.4671387854823478, 0.034477366312540364]
[1.864214794443921, 1.9839189304487166, -0.39670930911839763, 0.028523337773083555]
[1.9011331408475192, 1.9893277899640505, -0.4035279293702127, 0.0295342080774987]
[1.0258733139686842, 2.252785733524064, -0.4376918275182864, 0.030216824996127063]
[0.32057807649230297, 2.4461810651149856, -0.4323385144524074, 0.029007500992596393]
[1.7123040984538513, 2.232584115744342, -0.4789074268615813, 0.03508270598734904]
[1.0424473529047686, 2.608979938253513, -0.4849001903579474, 0.032475395372756885]
[0.43395278489857647, 2.5904782861219147, -0.4646811063969407, 0.030067413726446644]
[0.9948360104276781, 2.4442204488902304, -0.46082633941142864, 0.031034444941978226]
[0.7002634494457891, 2.348073439888946, -0.4258826265058528, 0.028792115810469615]
[-0.615628194089294, 2.7050417275557486, -0.4474103191444645, 0.028310566043222893]
[1.0608018559717407, 2.392091481537669, -0.4256101381829823, 0.027570066577221664]
[-0.15254864018844128, 2.5766761129209823, -0.4106243120809823, 0.025874705730851853]
[1.2342768136178308, 2.388065214405051, -0.4802942241054375, 0.03473840651361369]
[1.7807751917074337, 1.992546988134042, -0.3909473122766606, 0.0287338260401332]
[0.9157845369257132, 2.4081322782250676, -0.4799747029247275, 0.03353449509399368]
[0.07140173068834166, 2.691453965782523, -0.4783581758276916, 0.031285381607095174]
[0.37185004571308555, 2.4997393858341503, -0.4047656875529833, 0.026301121175949852]
[0.7149513319773022, 2.199983124265725, -0.3995905081856295, 0.028467015794512066]
[0.353924494867607, 2.3747565216534796, -0.43105836420825755, 0.029364980409409915]
[1.569029326927068, 2.0500610156129353, -0.3926504805718711, 0.02777540241658448]
[0.16013428284875042, 2.4533421583138804, -0.40675857156919437, 0.026240657451950873]
[0.4356787153210919, 2.367667463014203, -0.44729438685840517, 0.03179107162423623]
[0.7180798560775918, 2.1825112249619067, -0.40813647952889126, 0.029802391794415]
[2.356674122055316, 1.9157169638581917, -0.4248935302050969, 0.032635508614787374]
[0.3316053045007328, 2.4261518770085444, -0.4328908165579423, 0.030081660023681983]
[0.3000101576352594, 2.5863106286577455, -0.4490980427660235, 0.029564074246899184]
[2.0810412514873406, 2.029919231629717, -0.4125353727730247, 0.028820639470817457]
[1.6220670441975455, 2.0783824970298292, -0.4523126872522017, 0.034586652180590385]
[-0.006601180823622155, 2.504155473380695, -0.48622950364235906, 0.03429319457535135]
[2.9659973609737516, 1.8640155836700085, -0.41704989882527604, 0.03073367237797771]
[1.6368634288812576, 2.4362487235705217, -0.46697228359894893, 0.031255912108696216]
[1.6690152866996009, 2.253329745608106, -0.4757599301035039, 0.03349428756028079]
[0.6853422877662525, 2.5685853515272488, -0.4805088208475966, 0.03268478668320919]
[1.3114824597060992, 2.258573301440226, -0.4567063574642267, 0.032416545916465075]
[0.2037139697702144, 2.4925545906242905, -0.4519017404644937, 0.031730203712104804]
[2.2574981132581486, 1.866450964441497, -0.3964527534695425, 0.029585736943106917]
[-0.19158392048247963, 2.5486083335689234, -0.44299534360864606, 0.029938807466726558]
[1.0371674731925542, 2.3934267515656216, -0.47244973658026496, 0.0326876717336079]
[1.9390135979774232, 2.160665252161537, -0.4749535380704127, 0.03517768994995084]
[2.688422429950778, 1.958603589215658, -0.42222214410215453, 0.031020911857823526]
[0.6217689483271145, 2.4549862391051405, -0.47014829533657215, 0.03258668053768102]
[0.7779628798132725, 2.208320772354301, -0.44363843528798397, 0.032499383802694896]
[0.7655920456006919, 2.2872067553642177, -0.41404395075304623, 0.028548428830315283]
[2.2250620298393273, 1.8939474706657393, -0.40219138743584315, 0.030290846295007955]
[0.7479047409672495, 2.3894553163740233, -0.40039092415363087, 0.026241055898604967]
[1.6855733958089583, 2.127481505161387, -0.44056072771767457, 0.03118934142943285]
[1.8706167291362172, 1.9769527305787198, -0.42973482114153977, 0.03193380014549458]
[1.3327554553404668, 2.2405159284117646, -0.44283449100869166, 0.031244797181347733]
[0.504202188931969, 2.6976224127717434, -0.4690951249723252, 0.030328220315741568]
[1.183478714033777, 2.2230702313793014, -0.4383578078110824, 0.031206269265871896]
[0.365454031645835, 2.479465379935524, -0.4161973552690862, 0.026009184047737843]
[-0.1650582477802871, 2.4850636918347546, -0.43394189338560146, 0.029412794987277117]
[0.5970330192609921, 2.4109310984920427, -0.42371929342268944, 0.02755340222947137]
[2.520346458599332, 2.1200785443172676, -0.4865207808526554, 0.03519771791747198]
[1.2272486784053598, 2.1256065146397276, -0.38843877343447836, 0.027543441128645443]
[0.912250546337289, 2.2615321192292117, -0.4019072966168731, 0.026951790719218386]
[0.5186147003472557, 2.559918447515033, -0.47461990203357396, 0.03292037712843473]
[1.0053666107829446, 2.2240907764551823, -0.3993768854094, 0.027849547986745517]
[-0.03424389777436598, 2.5432982553452663, -0.42680371995986843, 0.027715875168455455]
[1.5485700588356526, 2.0842570485868652, -0.3997279193469423, 0.027868546378323575]
[2.3130585115105826, 2.0457236759686768, -0.41151593324798774, 0.028887396935606963]
[0.055269708698710396, 2.468163401599118, -0.4672517211887112, 0.0336646944592611]
[2.378678481694137, 2.182502332177001, -0.4866513314789215, 0.03497670690127578]
[0.10208413775598002, 2.772862797144391, -0.4866221799684564, 0.03190203888349525]
[2.62901847708827, 1.9366972214385259, -0.4202439564565198, 0.030254751985716085]
[1.2451633235014765, 2.0835834026866134, -0.423404881661494, 0.030343048824653704]
[0.785648661260614, 2.2333705244191004, -0.4288304357879511, 0.02966449978834488]
[0.5000475891215368, 2.443275498275813, -0.4736907036737853, 0.03368607805661617]
[0.689120644463395, 2.5107791662315044, -0.45083824818865526, 0.030401166682469324]
[0.2483327362834018, 2.524128186605611, -0.4730033256227211, 0.031568531835919324]
[0.6250062926103479, 2.417394628522618, -0.4792373508221069, 0.03478830601554685]
[1.6261059553989625, 2.199671939597508, -0.4143905254548048, 0.028070486875302583]
[1.443896668278422, 2.2742936175694553, -0.4532467912609219, 0.032227315473987855]
[0.6319285935320726, 2.34748744804399, -0.4092449738795496, 0.028057842576660094]
[0.23801024123195536, 2.321972015829258, -0.423823478250964, 0.029791619493001787]
[-0.12693119045228363, 2.4623599808875, -0.42846155570608163, 0.029747128991285246]
[2.018692045436917, 2.0288882592679434, -0.4073947436572529, 0.02901359970151915]
[0.9047608136276319, 2.090109348222814, -0.43424300625389556, 0.033525398532121775]
[0.31670232988147173, 2.4458679182981813, -0.4461243011393614, 0.030195761526395287]
[0.6303521954923377, 2.4526727748089456, -0.43912893811094234, 0.029110471106034208]
[1.6291284511725603, 2.2206169226107297, -0.4448983706883268, 0.03068650608472019]
[0.21642381662093957, 2.5931663787280286, -0.4592898079406555, 0.031080085758401245]
[0.8958703455130017, 2.5244765966033227, -0.4755456587618259, 0.031710709547632006]
[1.488388782314884, 2.029119416693808, -0.3914220379940607, 0.028656980569802912]
[0.5841822797915985, 2.282482981540041, -0.4392852654736477, 0.030941190786584614]
[0.3817791201895391, 2.259487172661072, -0.4148674663470802, 0.028167022385072668]
[-0.04245248921192424, 2.4715583959838656, -0.44692619513558485, 0.030932958007167805]
[0.5536667558452191, 2.3473711853491634, -0.42659572486632785, 0.029297629280445346]
[0.8192082527608928, 2.364276170757021, -0.43875179580210677, 0.031005785346229903]
[1.722566978429954, 2.1962703313246283, -0.47319822959580843, 0.03449953631177877]
[0.3324515778821886, 2.4414508048869625, -0.4437826255890336, 0.030800582619594445]
[1.2548771707086042, 2.028399094763901, -0.4115911541385408, 0.03076346341715039]
[-0.543252976693279, 2.7822406247193268, -0.43517130184993397, 0.02693867786281355]
[1.3856037819785962, 2.0493713187683245, -0.3980033453299816, 0.028427447161744196]
[0.587215501066932, 2.319668236606983, -0.40731946072960096, 0.027264633048047528]
[1.3598796449068664, 2.1397390928828868, -0.40278072758268035, 0.027825359208859514]
[1.2886133613619104, 2.378844858455321, -0.48179626926914293, 0.03367575058100412]
[1.0279543682866858, 2.162023130809342, -0.3898098473586577, 0.027715036154255104]
[1.0314418726393724, 2.2476906961705403, -0.42612886493978097, 0.02974731967184027]
[0.7702344183634988, 2.4153661588624233, -0.4465698457614191, 0.02968520871341558]
[1.196557143235315, 2.507773706993115, -0.4838229966089214, 0.032696164911384815]
[1.212678322826466, 2.3934347955110082, -0.4630337655156005, 0.03224457729243391]
[1.7754018859050111, 2.234455736185183, -0.43887658132766405, 0.03076232794215395]
[1.0643712409188195, 2.2903757273585117, -0.45074023522514245, 0.03202879879901854]
[0.6314457894815666, 2.2008881466237398, -0.41928488105892125, 0.029595627259216335]
[0.992934307108345, 2.0890312971265725, -0.40495884535759585, 0.03008673802647048]
[0.5519518216860702, 2.5524452722275974, -0.4332375810148681, 0.0276934907119553]
[1.503027906462012, 1.9750013137264486, -0.4242893588728686, 0.03190763767177496]
[-0.08695885675634107, 2.386530812814728, -0.414799405413793, 0.027090095556986275]
[0.9524639954151355, 2.3300342414317003, -0.4326348929878264, 0.028903790766207558]
[0.4445302134929414, 2.521283410465434, -0.46582934742379384, 0.031219560172731305]
[0.07032800558725416, 2.492546619948543, -0.48129181529570786, 0.03442836420752643]
[-0.47060927381482776, 2.482026806776265, -0.40473935449212045, 0.02626159398582048]
[1.0046057878847012, 2.361169342496453, -0.47383710587321165, 0.033295939525868616]
[0.8108160820192096, 2.256210513935866, -0.41358963249312913, 0.02830184744018211]
[1.254347045873649, 2.096971205060666, -0.46707497516758467, 0.03518983185499268]
[0.09283449574598368, 2.5112228867972544, -0.47944383806373747, 0.03406174671482832]
[1.445557851956925, 2.3705217892044734, -0.48244360971843403, 0.032952544044451554]
[1.2146033781782757, 2.1355562794287053, -0.39658187442645937, 0.027578967664696363]
[-0.10251553900318466, 2.639984823889465, -0.4786294980829216, 0.03127562191669511]
[1.3047486544664597, 2.2846371921019593, -0.42876330164222926, 0.02857549821725151]
[0.9576535645823254, 2.207226644563952, -0.4023577707135129, 0.02869220042389109]
[-0.06649618489820597, 2.511352686803973, -0.48075571714289533, 0.03388847815522313]
[-0.375974375462341, 2.775166787653318, -0.4402184221922228, 0.026941130027406515]
[2.012388493940586, 2.0166469131272793, -0.4115701776685947, 0.02980437959181536]
[1.589728004105829, 2.029013588038671, -0.4048214354966045, 0.02948888056077497]
[0.1712231267137323, 2.5467477799780536, -0.46676137109896776, 0.0317445436157514]
[0.47293415842002284, 2.5865343839982557, -0.47790848132632296, 0.03267341462938574]
[2.5446325225733633, 1.8678674824519441, -0.4374517304007852, 0.03341307478592681]
[1.772031285535273, 2.104506645546662, -0.4383774197766675, 0.031623038286441224]
[0.3933598875558779, 2.26504313438293, -0.4031317835856991, 0.0280980842190845]
[0.8264988799032822, 2.6228762412520426, -0.4617926942938273, 0.02990067543403081]
[0.060716162140634466, 2.599986422179276, -0.44487846308165974, 0.02870327315414723]
[2.310769518780302, 1.800320465998779, -0.4299269347904812, 0.03402150785003667]
[1.542575538989409, 2.247839984310729, -0.4473931839850182, 0.03070707877180423]
[0.1381447587737763, 2.4944334343255585, -0.47590490711285144, 0.03397169545116744]
[0.5884195342527954, 2.3886300286636475, -0.4380677486232633, 0.02990933809926326]
[1.6580017680147567, 1.9873667032196343, -0.39013610812135135, 0.0284422118577119]
[1.5268605705837648, 2.329465051477542, -0.47640485315587827, 0.03367593026790125]
[0.7608023717690315, 2.2840429744305477, -0.39178679602231836, 0.025955571499389648]
[1.2994968779203178, 2.4394065073805375, -0.4826989971510531, 0.033293015824009266]
[0.33730102531330397, 2.454702790196764, -0.4759084235084167, 0.032647432558226816]
[1.8462182191409378, 1.8401863292253369, -0.4016961144956189, 0.030043085734469933]
[0.01237336755077667, 2.386264587981795, -0.41303734622213034, 0.028326046737556607]
[1.8521795234007081, 2.1004076245262002, -0.3935336140117077, 0.02851659664802943]
[1.4847216226117435, 2.3036509798395746, -0.4664496944059627, 0.03264233839218889]
[0.1474423656348418, 2.435712200023258, -0.470740808210559, 0.03270980786118914]
[1.584210779075251, 2.0057247449781643, -0.41733256599816654, 0.0314190628956803]
[2.046716245368857, 1.812432513555624, -0.4011768753960031, 0.03101859254222358]
[1.9129111452396792, 2.0615642015698956, -0.45258193666295155, 0.03301775199307651]
[1.7745353645093846, 1.9448640927290253, -0.39358642730247584, 0.029244327444532453]
[1.7201101153324938, 1.9901044176351377, -0.4007398870757367, 0.028656009775303443]
[1.7153721591258764, 1.9536756152944705, -0.43297038579696073, 0.03270750004186673]
[1.0891417736767348, 2.184941199772381, -0.40940597020965375, 0.02877905183584509]
[0.0465756257379244, 2.4441569070384683, -0.39315368063602524, 0.025874304729467817]
[0.3576853507399629, 2.5599062361291525, -0.47848745886980604, 0.03234518175210929]
[0.9981602006536461, 2.182149127526245, -0.41624385089377597, 0.02983844612254566]
[1.850380503282456, 2.2656421346720355, -0.48088515604914706, 0.03425268509453737]
[1.5449861347170097, 2.174134471586125, -0.43154368066405846, 0.030224816582585332]
[1.7366564498952983, 2.2374359704772977, -0.43412613988511434, 0.02946583976384865]
[2.3929283614599, 1.8250335955261077, -0.44353260603228695, 0.03475401565483921]
[1.2540681050454743, 2.362590180375933, -0.46649605032371555, 0.03231857932396186]
[1.7371448244678023, 2.4665428375323852, -0.4840650009615259, 0.033417734787064564]
[-0.1350026896434091, 2.6701530298281186, -0.47159538913930493, 0.030569176169962013]
[1.4789199519556524, 2.2575998497524603, -0.4308563412671422, 0.030033496465480244]
[-0.24306944162098265, 2.6424046277725504, -0.4258861688830484, 0.02695075058991732]
[1.9052065317183424, 2.400233012638568, -0.4832860050204904, 0.03273556142981082]
[0.5390672773978622, 2.6621403932684817, -0.48660717233617334, 0.03167194836958437]
[-0.17788141728202955, 2.639521654279161, -0.4732662825736225, 0.03138181194571794]
[0.396321209126675, 2.526216902537167, -0.4215709127683865, 0.02754992845697562]
[2.3729107930685047, 2.088154891729561, -0.44790615334094447, 0.032345756924568925]
[1.242421806419518, 2.485939144342008, -0.48098470592592685, 0.03282102557786228]
[0.023361951214360133, 2.5323947660290465, -0.4257740832962496, 0.02835113153546535]
[1.4873573678463226, 2.1003191875054315, -0.4171398097234988, 0.02971768812196744]
[1.5952588857674082, 2.4800979655870554, -0.47925466094412933, 0.03173149998955941]
[1.1722553957313617, 2.0223583180068676, -0.42403172234840514, 0.03165126339878084]
[0.7797778419329608, 2.4311354252309076, -0.4823613770110668, 0.034220584631413795]
[-0.2082103620877218, 2.531181368142182, -0.4249802118517607, 0.02889738131661314]
[1.5870441694373238, 1.9697138679257091, -0.4108383453161297, 0.03085518292114277]
[0.12161709214904448, 2.5474149383533975, -0.4278191852259817, 0.027473553291123966]
[1.4279751827502372, 2.051421090375478, -0.41940520151202576, 0.03140399410045957]
[0.9982515390465645, 2.5037441817715314, -0.45270973341168796, 0.030143385533330944]
[1.4014243078204518, 2.1130492078756014, -0.38963428831190405, 0.027082103046585496]
[1.0233733979573363, 2.154050055761692, -0.39392790337298733, 0.027816889944503008]
[1.112550669796604, 2.337774236464554, -0.4748085838460366, 0.03331508627675841]
[0.8238138685639913, 2.375627073306575, -0.4599304493764448, 0.03175368255486423]
[0.7070525565310093, 2.3065017818554963, -0.3969328909800109, 0.02653796761140485]
[1.4286760950400361, 2.0183670223769106, -0.39293024985081304, 0.029118407071415588]
[0.06376256634987287, 2.599168756673244, -0.4567563136477327, 0.030755931405436407]
[1.2140873277709314, 2.186808885871063, -0.4186219202325095, 0.029085654646920554]
[1.1836785663695046, 2.352832764419558, -0.46103501054726714, 0.032025668449503775]
[1.6764822594640805, 1.876245577571241, -0.39125422641592245, 0.029756524937233922]
[1.6760594046489157, 1.9541917253513459, -0.3971096512611458, 0.028605605338001685]
[0.8169133842252583, 2.129834523630981, -0.3922582652263114, 0.02796861725052337]
[0.06833724545164488, 2.5054356983704413, -0.4733874894451896, 0.033318825024283905]
[0.4206506609227074, 2.5525235993363284, -0.4740714892154347, 0.032316107422145794]
[1.8583672459362455, 2.153728734425397, -0.45109160485557903, 0.03275481710276484]
[1.053581413948955, 2.241092419329978, -0.448967555965079, 0.03178695787851544]
[1.198179557084293, 2.287580116684295, -0.4508476859151629, 0.030874609282854463]
[1.8192693328699994, 2.1733745712752923, -0.43718604467066613, 0.03000801672652156]
[1.842622859835997, 2.0826968801059937, -0.4315367104019073, 0.03158969665127426]
[1.247816333698999, 2.0695644244600695, -0.3994970137627144, 0.02939865564501489]
[1.7005643941627984, 2.246127238313016, -0.4773277560440812, 0.034168634888000045]
[0.8799797367390183, 2.4900996189217453, -0.44203491535164624, 0.02807778193769867]
[0.8118752147809043, 2.378315808697059, -0.4088033524078608, 0.026905844595594915]
[2.1315219965904326, 2.0467917730717575, -0.42039767183865095, 0.030157024656183758]
[0.7832487043734826, 2.2322437326320825, -0.4069618421015216, 0.027780037517296827]
[0.7956411449908738, 2.33623983738645, -0.4743359478720196, 0.03342695605588359]
[1.8423490997656815, 2.1483542401908626, -0.42267256784771345, 0.02914483827113079]
[0.8917286908841557, 2.453032065131805, -0.46655527046517786, 0.031894663269677534]
[0.15061011094794274, 2.2732750776130937, -0.4441674166461347, 0.033398093137740635]
[0.4026915417838435, 2.7149355649560913, -0.45126701776017586, 0.02810799868673228]
[1.467767438345522, 2.3236848035123727, -0.4719779388251888, 0.03335192126869117]
[-0.7580132794226664, 2.7105778846000916, -0.4391900375808157, 0.02860094199922406]
[0.924606173361243, 2.3380320269731936, -0.4546009419090386, 0.03253984754794392]
[1.4651274051238286, 1.9366929544962654, -0.3943086138924172, 0.029385335639076]
[0.21406751666971058, 2.739933326078756, -0.4866544655496434, 0.03175082228480449]
[1.0265301133399118, 2.355809159179577, -0.4522128619067866, 0.03173052554518759]
[0.5809239626731997, 2.516606048749342, -0.4512873744811159, 0.030080278381741616]
[1.3204953481707413, 2.236825893696357, -0.42849595524282175, 0.030747793177217847]
[1.3002936254180466, 2.4143408425939423, -0.46684347037349977, 0.03183966536999574]
[1.0735021065156318, 2.468583465706029, -0.48203989078112736, 0.03286328353647733]
[0.215212894871196, 2.419229759332973, -0.41524370675977657, 0.028237738289574293]
[-0.6249858973880635, 2.7130476560297048, -0.46743908202694606, 0.030759147314622752]
[0.13680714804509275, 2.514103749243876, -0.46773343378701404, 0.03251528575084579]
[1.512248982970887, 2.3324891802999055, -0.42542553590788523, 0.028788107876877925]
[0.6521377508683508, 2.3796820690960065, -0.39835662724115883, 0.025606722528792612]
[0.3566906968605852, 2.481884757442473, -0.4175540423337396, 0.027121249366220176]
[2.1723690553460018, 2.011936178960872, -0.4686560598364404, 0.035325169162289435]
[1.0721975161967103, 2.4087510978200366, -0.4510834737182684, 0.030034347723936157]
[1.416153621560766, 2.3675286092130587, -0.4769460482522481, 0.033557999189635625]
[0.35479312575874644, 2.4797367294590043, -0.4381033228018277, 0.029631879480492417]
[0.6265013517645568, 2.6743865164401868, -0.46436442197671707, 0.028401920215340035]
[0.7641199954891791, 2.2744441182788857, -0.48074822121544597, 0.035357608694835056]
[1.5272160322815949, 2.1422947743690526, -0.43122952612444837, 0.030553483827820523]
[0.8560128884353961, 2.165337452594497, -0.40569309103232826, 0.028948115481143278]
[0.5881066649936271, 2.3666243930756727, -0.425864133019052, 0.02934732535037793]
[0.9463886187417812, 2.3342386262263193, -0.4362893750863075, 0.029757690072998794]
[1.1278233567549636, 2.012676761245184, -0.4014237211722014, 0.029436852959978867]
[1.882285378089303, 2.1647059559517148, -0.4079852429112767, 0.028328563144442796]
[2.356870831645301, 1.8022640349622274, -0.40342708269881034, 0.030466355946454686]
[1.4499023814610683, 2.305573622844826, -0.4820561381957101, 0.03537219355442635]
[1.7940811318085905, 2.1256633668626486, -0.4234288308449845, 0.029592245670688022]
[0.5112002589445903, 2.353617705641507, -0.42500389259036836, 0.028861060570561856]
[1.141541610156624, 2.4107652156523023, -0.475986422927746, 0.03372489869680124]
[2.3898156387342886, 1.9041468004654725, -0.4256866351241696, 0.03196251392062149]
[1.867126946963169, 2.1294669175949554, -0.46115962564210006, 0.03359309761985355]
[-0.19065879230750893, 2.6681112698653857, -0.48463470622510413, 0.033084160885705594]
[0.6506729410524801, 2.442762243022815, -0.4108171513728053, 0.026772904356476827]
[1.917198506266502, 2.1317360521874833, -0.43244893020300934, 0.03131425490760803]
[1.8126653141115923, 1.8819438598726017, -0.39805100134539456, 0.029465870676581754]
[0.31495570434178743, 2.5074421941802205, -0.44540367226178856, 0.02981602059939077]
[0.6604106409503219, 2.396913140600345, -0.4543215449433631, 0.03192161566068121]
[0.7065920576555302, 2.25484515911647, -0.47794478941090296, 0.035448023847626284]
[-0.7210381032733753, 2.747327472022231, -0.43637352347310726, 0.027526062102672565]
[1.3561178893605046, 2.333802727821772, -0.4781727546518242, 0.032726006516422324]
[2.5933009969148197, 1.804811998667434, -0.4340915617719795, 0.03395399194698311]
[1.2819087208385906, 2.172833804159036, -0.43871037975815014, 0.031385774775896394]
[0.48683621162869084, 2.1981746925176493, -0.39464492832829634, 0.027333415388163577]
[1.3055488344712645, 2.3018091937500618, -0.4095409360587173, 0.027279805469337965]
[1.7572822612082755, 2.0835739279780707, -0.4280318986258298, 0.03133662544312136]
[1.847038058083966, 2.003322172699856, -0.395110445292046, 0.02791884530864618]
[1.2259495169649148, 2.353260332329193, -0.4597726328813482, 0.032767514605221565]
[1.5715379520679504, 2.119254424157056, -0.4455216215093614, 0.032704731993232324]
[0.16425016644363621, 2.3913186218927707, -0.40208657112967494, 0.026867069633985052]
[1.6090110752911015, 1.9410652836588054, -0.4086349551734369, 0.03132129937607729]
[1.1540424337785584, 2.1409608955842376, -0.4204269202044118, 0.029685945892191982]
[1.0239248343779312, 2.169289223203598, -0.4188930255134916, 0.029096009170779674]
[-0.24879101055950237, 2.5914044782126497, -0.458034125949587, 0.03093184687743862]
[0.9573846982875609, 2.417867256267338, -0.4768686264834453, 0.03332511880145693]
[0.9809003555144216, 2.180615291980915, -0.4131917893519705, 0.03056940905406961]
[0.42732505421680456, 2.642054479420778, -0.48153615231688096, 0.03156965969959254]
[0.8231085977657817, 2.319265753516687, -0.4246281724358715, 0.028945190022746425]
[1.5288369737042857, 2.108938205276476, -0.4616914511700626, 0.033198809973379755]
[0.19459093959652307, 2.6507453711656748, -0.47932669832506725, 0.031552759613246086]
[0.21589725218586997, 2.707084645506614, -0.4807204286733452, 0.030242496386107327]
[0.33153000535105015, 2.5848503978710613, -0.44513062801840747, 0.028755703609863594]
[0.5983766926789458, 2.316476712875963, -0.3891947081463349, 0.02633163103841532]
[1.5744109144221858, 1.9725172930597845, -0.42392564595544946, 0.033035999622543354]
[0.2065052847651554, 2.5014172813943913, -0.46832419810684706, 0.03204367848452109]
[1.5624513343917559, 2.2741130843006214, -0.46986848845014484, 0.0336962150782439]
[2.7402060844320872, 1.9924493284225044, -0.4324591522306716, 0.031676243948981206]
[0.8946599830608299, 2.2737094780973295, -0.4540316333900851, 0.03326563013179957]
[0.8003567300726662, 2.3416818055341535, -0.43621713862708666, 0.0297123448842975]
[1.227156916541905, 1.9764678545413314, -0.4025079615077084, 0.030671497140409287]
[-0.33723819452220916, 2.56085762949778, -0.4296187930252746, 0.028284477525320144]
[1.3201754452291623, 2.3676945786051427, -0.4476806802879836, 0.030771963532193768]
[1.2534501655888812, 2.33053514853179, -0.4701601026268187, 0.0329754600067315]
[0.760548836349991, 2.5663238852230474, -0.4460518532647594, 0.027570255980865793]
[2.7366842861796097, 1.8538038885956905, -0.38993223292288554, 0.027979064074629672]
[1.4380235770974514, 2.413947634100983, -0.461312584727637, 0.03157792330541452]
[1.269551452802439, 2.224238366422116, -0.46497075586066616, 0.03444937570314545]
[1.2650812722053195, 2.2651969912830205, -0.4715328554483139, 0.03412313043325958]
[0.44175916658227665, 2.7302987006855792, -0.46367637225013314, 0.028579280161750552]
[0.6766839066661907, 2.467419300575319, -0.4705045899977544, 0.03200376323378576]
[1.8601421336709594, 2.037298208253579, -0.45785704357772294, 0.0336725939666015]
[2.8104442042563678, 1.900053480216089, -0.42148744004578775, 0.03159542848841764]
[0.1984927192714454, 2.6076030093245928, -0.4776761506573025, 0.03307746920667248]
[1.2454905283791815, 2.3596378471175523, -0.4178415261099851, 0.026935952474183077]
[0.903289470693196, 2.6238497583046305, -0.4825655511008863, 0.0317418386650425]
[2.274962329288566, 2.127721779876904, -0.43689493341327884, 0.031340788787266795]
[0.43279062514960964, 2.5392479330699986, -0.4769839514510903, 0.032780913146090315]
[0.3210957739319924, 2.1978328125123254, -0.4088234736616907, 0.029036418868159542]
[1.2554631607095827, 2.190239601738879, -0.4348710814380002, 0.031028849292334543]
[0.02603334812839808, 2.325175449615715, -0.4062604203795937, 0.02821331614864132]
[2.2078259250328856, 1.9339959960219169, -0.43649315922286863, 0.032395761356301365]
[1.5113400126660146, 2.042443743426271, -0.4567407720524779, 0.034559574721988486]
[1.953518960496282, 2.247503168735106, -0.4657413444618255, 0.03287861788021201]
[2.2874200745355258, 1.9299164153745925, -0.41326800370330957, 0.030488240579815112]
[2.2875859640835263, 2.072600507065669, -0.4668621219325985, 0.03414062119921131]
[2.5748006984941103, 1.8239859501556417, -0.4256200412378669, 0.032612169350655806]
[1.5213143388803498, 1.8659272517810095, -0.39741687285983013, 0.030927028783058103]
[0.9071150630667733, 2.2489986320500135, -0.4439906928081028, 0.03191941596756052]
[1.1091042249827585, 2.492164515776464, -0.4754104354761003, 0.032094468750779245]
[1.4880298868599175, 2.054391712358916, -0.41444855556919474, 0.029615139168122147]
[1.945995776803629, 2.0539852576482507, -0.42988800240156855, 0.030823214933606406]
[0.8698968895720203, 2.263009379719307, -0.42079221920088206, 0.02887125331168238]
[2.133771413698545, 2.1003328252645046, -0.4437987936950199, 0.031583592377840405]
[1.0524342594044809, 2.2126826558294215, -0.41357129767148154, 0.028709087889872937]
[-0.015493043690427921, 2.4358010768983376, -0.4284277591978435, 0.028627277908563495]
[0.8815632256848343, 2.3258113080037828, -0.4358851145635283, 0.030453096813400526]
[0.45279463771852235, 2.6020249673367166, -0.47364591633038167, 0.03122879344332371]
[0.4044860021106649, 2.3873438011956924, -0.46131720381415714, 0.03229442023566584]
[-0.18837652047831854, 2.6025496100239933, -0.4247403209690077, 0.02628364544168929]
[2.4399480594645695, 1.8970695574828365, -0.3948854111029855, 0.02925667348647866]
[-0.06880974179089927, 2.598866778033242, -0.4416002362303235, 0.028927550331853145]
[1.3157960539669866, 2.0661271388869045, -0.3868646240346648, 0.027022408763394387]
[0.3140088177062288, 2.7351081740796563, -0.4825441072048703, 0.030942565800978435]
[-0.0530397057010763, 2.491590432984436, -0.4486972731002442, 0.030345533609692794]
[-0.12037529557542914, 2.5446242753943253, -0.4231787247865539, 0.027786426568267956]
[1.2416812724590103, 2.521494177569232, -0.4705813604789336, 0.030965441801481638]
[0.19898935259634465, 2.4103487373294312, -0.4247073488646871, 0.02890745603347583]
[0.27689641098123685, 2.6352266233980988, -0.4628540882475375, 0.03006519324632496]
[2.178112161008142, 1.8413766394038702, -0.42756979379677335, 0.03335373765394489]
[1.0702619225100651, 2.081008096774132, -0.3898491312108483, 0.02792072801645183]
[0.8445118508987024, 2.241828824121042, -0.4361753029120918, 0.030434656403115375]
[0.8196153585704558, 2.2988048336391724, -0.45993242444657245, 0.033685606287752155]
[1.4829705991291835, 2.0237099659042004, -0.39364689015706533, 0.028273365071133816]
[1.1307424594578226, 2.2553767321481875, -0.4196322392562116, 0.029196031258123926]
[1.0485348427678587, 2.300593986574915, -0.42272842703153257, 0.029332166958803477]
[0.48283476652558077, 2.271904369935131, -0.39791217437791826, 0.027364181174312507]
[0.035691965125389746, 2.7453766541680444, -0.4813278493990858, 0.03111828132189495]
[1.4797621757207375, 2.151621886957162, -0.4175098861478823, 0.029563421616273736]
[1.7135075880906347, 1.885435193194765, -0.44488663856, 0.03514171661383478]
[1.7259327672827451, 2.196576531544275, -0.4710794583093797, 0.034665612269447296]
[1.3887059373884076, 2.294818480250328, -0.4634951254564313, 0.03234131988676085]
[1.0017558793827557, 2.2293989378894707, -0.41825109545269173, 0.029100600540339108]
[2.1811607762374106, 2.0166512679480264, -0.44878139606442086, 0.0343388782227496]
[0.4925278360113685, 2.4447626782607585, -0.4134088731678486, 0.027623970966209468]
[1.9165461658131022, 2.0287326263882406, -0.4556019946731984, 0.03426589247623883]
[1.0955023256917107, 2.2595546470849186, -0.40803867648290926, 0.027186672820975196]
[1.3674624208889385, 2.3793892047912166, -0.47228847543715047, 0.03347200867181433]
[1.4682353095440308, 2.363411141818613, -0.47725850470763864, 0.03376671086065796]
[0.6926542133351781, 2.195316348560125, -0.3955139741076972, 0.02732093838787314]
[0.2777680961748943, 2.448216960656797, -0.46458344065466367, 0.03212654742281176]
[2.501839975023013, 1.976000435949547, -0.39251463358733557, 0.027633219488582893]
[0.6039701065948377, 2.6192205573985436, -0.4170563478644088, 0.025497103189501238]
[0.8772262249524032, 2.278757624756076, -0.4178248354409974, 0.02872541292176322]
[0.7272133815020161, 2.1537178699509094, -0.42234215194775016, 0.03110159193874004]
[0.32549133201399405, 2.4660422996485725, -0.42592021239599176, 0.028220818949863835]
[-0.449920895203582, 2.5878092651069085, -0.44024105976388966, 0.02978942770960001]
[1.9965617349584743, 2.2895854636386286, -0.47061140501071425, 0.03269245580954088]
[1.0436334067497937, 2.0895963823168455, -0.42044200124729014, 0.031131170851098143]
[-0.3440400308742624, 2.544863720764739, -0.44670691471281426, 0.029943983200013898]
[1.4118411976433993, 2.1068943232664474, -0.4010516762866376, 0.029149640760057483]
[1.8868101852531365, 2.0374617784169042, -0.421148393470655, 0.031225840320567626]
[2.031519741641595, 1.9556315116870635, -0.40189838954356144, 0.028946080534253973]
[-0.40841757881548624, 2.4504749428002626, -0.4000142159906779, 0.02685550728312479]
[0.9112245122943872, 2.4662409955489024, -0.48249720872265595, 0.033599513075076075]
[0.8799162999755357, 2.194448859853019, -0.3987314129932639, 0.02744846996994093]
[-0.5928491473403241, 2.6352240804277485, -0.43303142744715023, 0.02803274237473117]
[1.919988060179746, 1.9665354028664068, -0.3955715576680412, 0.02912943519272783]
[2.2348934572091363, 1.8223520782815847, -0.4143974950305226, 0.03198949269882545]
[1.6689783514689247, 2.0474722080143404, -0.44375024232593724, 0.03234525999709241]
[1.9557970642750937, 2.1663474128068807, -0.45918232789852903, 0.033626319442549235]
[-0.19316400276803902, 2.7103125471594836, -0.43435430450209633, 0.027270632245973554]
[1.106893096398013, 2.071928775214791, -0.4059086470282166, 0.029004652702859325]
[-0.1348943460681693, 2.747489973768837, -0.42794479653809275, 0.026166527088053247]
[0.8428235648714257, 2.3106391298757645, -0.44633634267491074, 0.03202523740370182]
[0.4228135850773338, 2.37622093882615, -0.43251932983831876, 0.030640375133349045]
[1.9323300679711766, 2.168746596212166, -0.42583960236857227, 0.029365701945180154]
[0.33459994373958146, 2.536909965148066, -0.4845354402374485, 0.03421681474076588]
[1.447323548839658, 2.257848407757351, -0.43864147485193034, 0.029672807536954983]
[1.018506257046313, 2.2061966962047155, -0.4420633945136459, 0.03194000619610401]
[1.7666896174771325, 2.045122322077545, -0.3936974153713856, 0.027809267074891085]
[1.608877474848477, 1.8869067165599036, -0.40074346951581963, 0.030154604495164494]
[1.2032641454463615, 2.143273316302227, -0.4227868562903624, 0.02958806073134219]
[1.2688247347769543, 2.2020555765007606, -0.3977265839310218, 0.027306895778247478]
[0.996364221736509, 2.4427445241113563, -0.4406491293590287, 0.028620994727027952]
[0.8809355041753801, 2.358630058814157, -0.46287377237810456, 0.03227605332538312]
[0.8319308004719828, 2.507671497000814, -0.48472939702561846, 0.03258383288839918]
[0.3232512108447865, 2.5459625606698157, -0.4593459956005898, 0.03057147298462491]
[1.4896196504271657, 2.1201920886649033, -0.40035662986481335, 0.028673292513966563]
[-0.25814384721583306, 2.6602496896126273, -0.442601736381272, 0.028495184781528828]
[1.3248806346081352, 2.3976291971804007, -0.48578935118693706, 0.03504800485165114]
[2.1868231608648987, 1.7924956560214542, -0.4363695880421384, 0.034141377855833044]
[0.8006959814754757, 2.4787754747853787, -0.4701308419608276, 0.031816063096280434]
[1.5182332687950528, 2.2226057095588097, -0.4582987268917468, 0.03341074446714698]
[2.119423080807306, 2.0067332264761744, -0.4223316796448689, 0.030013154081543238]
[-0.4265678954043759, 2.729129090062338, -0.43089678025645795, 0.027673314034594935]
[0.8381061770982057, 2.55044455480901, -0.4667296964155877, 0.02985378044698374]
[0.72057236865041, 2.625452059714962, -0.4464591885871925, 0.028008535234447535]
[1.8230823131879945, 2.188621182251558, -0.4377037707651092, 0.030774593087842715]
[2.2758059075079786, 2.0122955472502717, -0.40538986787917286, 0.0283544400707103]
[0.9750216075079314, 2.3246463693302353, -0.483585888983737, 0.03521539527309418]
[2.7574557877820665, 1.9069984446164154, -0.425531464417236, 0.030806655891903352]
[0.09298724399028391, 2.5944279120573936, -0.4570691478551966, 0.030315555864476984]
[0.9406093609781538, 2.2037168171939054, -0.4273548258153526, 0.03023967453939011]
[1.2184897739619438, 2.495089335696765, -0.46079009597543175, 0.03066011680210774]
[1.851844658521458, 1.9741572232866396, -0.43166388183029847, 0.03239193778147094]
[-0.6588221819780613, 2.653105100058966, -0.4523263036300501, 0.030582498931518702]
[2.023069790522536, 2.2835296010767308, -0.4635612938637118, 0.032064463642577014]
[2.237772072382017, 1.9807147224453265, -0.422138840712299, 0.030408039910082382]
[1.3855130568591392, 2.4159060142051296, -0.4768750872977615, 0.03271583130685396]
[1.475454536867434, 2.008858179776528, -0.3989328612099617, 0.028715342910978478]
[0.94773148146384, 2.2059086250568605, -0.4302969747634382, 0.03132813872975278]
[1.12826550109351, 2.529549517311798, -0.4755947628951214, 0.031719620482364576]
[0.9925710062060591, 2.3559565729511514, -0.4561353470115934, 0.03165145642379622]
[2.174703523149106, 2.0665923590640745, -0.4336598160749837, 0.03140260416067891]
[1.6746366670617951, 2.0806749016663266, -0.4218293777055018, 0.030987250680917372]
[1.5023909299954537, 2.1451159503557444, -0.44135365711251306, 0.031522615116387834]
[1.2108296053851357, 2.2909155617459134, -0.452904231233915, 0.03181811993073823]
[-0.8079986026832486, 2.6429499936531675, -0.4139609457119281, 0.026343468471741613]
[0.11429991437342091, 2.587625164587192, -0.4322329141758857, 0.027908243762732703]
[1.7852033366673048, 2.137263489349112, -0.4174946524021084, 0.028937241217776938]
[1.8467993022517022, 1.9398682864799393, -0.426621103587949, 0.031939756829753446]
[0.4279252639818041, 2.5682486662145143, -0.4486098839186765, 0.03022482363109613]
[2.38153734577433, 1.9267635702853265, -0.41865977257962406, 0.031125836153012194]
[0.3570475959459758, 2.4578009768127274, -0.45087956123628903, 0.030985342946496006]
[0.9093807720641718, 2.2572211868737395, -0.4657911733793024, 0.033124406023107844]
[0.30687987732978206, 2.3662983980140644, -0.4255674051312395, 0.030108743012068465]
[-0.03642550811215539, 2.5453358975767215, -0.4751517324814148, 0.03309954718466017]
[0.7862074410209905, 2.641580627893698, -0.4863260598619765, 0.03225559235997305]
[1.0095427620496538, 2.326960520550365, -0.447846641700666, 0.03148494347294105]
[-0.1668017632256631, 2.7604241339367466, -0.46171675174049864, 0.028506291315208043]
[-0.220361995309311, 2.6982499671184867, -0.48223360681929306, 0.03228321354822849]
[1.7148738671500805, 2.2992693083896727, -0.4647390650751791, 0.032818929040020275]
[1.539671906428262, 2.0617746591791004, -0.4432748268544879, 0.032571670801608596]
[0.5419912992912108, 2.212248835702113, -0.3976988365955507, 0.027396493079473085]
[1.909954901028128, 1.95014971806036, -0.44932903591227746, 0.03460997997731548]
[0.7003823938452172, 2.4741601643550966, -0.45358854448854047, 0.03119091806860937]
[-0.7656426813603479, 2.7317803729876404, -0.43564668344929613, 0.027644168452288644]
[0.9726678177908856, 2.3978895387951127, -0.47947744905323136, 0.03314447281266617]
[-0.0802966456003511, 2.677758437954136, -0.4448795922278697, 0.028909565793846338]
[-0.1991456450489406, 2.6571290735654367, -0.4624918520458292, 0.03092217829841387]
[2.5361829362123447, 2.0034483404569947, -0.4415450933056198, 0.03215967544714051]
[1.8664187582237113, 2.064838261113266, -0.4055255318622959, 0.02883670577870151]
[1.7171417619896796, 2.0506726270990843, -0.4082367424551682, 0.029784746969363153]
[-0.2789459694687251, 2.6712683509723414, -0.4433851208450625, 0.028677917288712912]
[2.325272797806212, 2.092388090790937, -0.402935375588543, 0.027560836639675887]
[1.5391717724393992, 2.2518995648571516, -0.44698669613870695, 0.030832806778521866]
[1.4155379345898984, 2.350152605738015, -0.4635713536175401, 0.03211605291061954]
[0.2566118124032881, 2.2729554886979537, -0.39697690101251737, 0.028437190656764283]
[-0.24601026546564597, 2.3975688593350934, -0.3875921196196257, 0.026266183534823156]
[1.7552218268727406, 2.16274444401777, -0.4792094775943272, 0.03513341237685583]
[1.9688091754871224, 2.045919002010714, -0.4239893887336484, 0.031093469879588095]
[1.1429593492039793, 2.2314494996845724, -0.40411377003292337, 0.027905751095901304]
[2.192818161569123, 1.9865553682267643, -0.43653349582187523, 0.03205568783917598]
[0.5047288177740721, 2.4788404218752187, -0.47862981715225017, 0.03330631971892944]
[0.09717793821006104, 2.7090294375568167, -0.4801865568481416, 0.031986588936932916]
[1.1400982165547302, 1.9611980539982699, -0.394108516764045, 0.029456962780678022]
[1.9721316665069644, 2.019140250825997, -0.40614037121446345, 0.02950197200101813]
[0.897851519958079, 2.381654265558918, -0.46822615942104406, 0.03264284709870537]
[0.022046652130848443, 2.3715314972878345, -0.3925974667821475, 0.02602391016033416]
[1.1961712904291812, 2.4828588548209956, -0.4482013803500689, 0.028764960533776078]
[1.143044174333013, 2.565848412558948, -0.45110785457985, 0.028903471421456002]
[0.6042040664122221, 2.3582548398615817, -0.40230336668568817, 0.02580577656026005]
[1.8789084271230747, 2.1795580903207723, -0.44982890648446555, 0.03151337615889552]
[-0.02544767060560238, 2.62918314174153, -0.4187488609410055, 0.0260838287117733]
[0.8905278757338313, 2.4133094344024064, -0.4782139265032831, 0.03260709543764425]
[0.007600277306672343, 2.473446245492248, -0.4426510276673915, 0.03122437524101343]
[0.5626743935257976, 2.3683375554933512, -0.47770735381816576, 0.03512444083033593]
[0.6065885118218479, 2.2585361867929135, -0.4205205170798662, 0.029610395628110544]
[1.2123929388217274, 2.4494160120037685, -0.42164113122214153, 0.0270709094787532]
[0.9432406432749252, 2.458907186022045, -0.426487915570969, 0.028209962894390664]
[0.05217770918478504, 2.484583237291047, -0.41289813216731835, 0.02623110893079433]
[0.7481233250629131, 2.3982323765005362, -0.44134907725690464, 0.029229620824880426]
[2.671842591617266, 1.7937441800373792, -0.44593951087065936, 0.03506451322679596]
[0.5364179011476278, 2.3438280622523604, -0.46480220628459623, 0.032976512324549845]
[0.05473224374235208, 2.539383519581078, -0.45096597510717396, 0.031131018413452997]
[1.2784177709573576, 2.3447830646578094, -0.4124498507697313, 0.02688788457537759]
[1.8548907098675116, 2.1241286985191037, -0.4284399463263486, 0.031216256696841985]
[0.27584242992171504, 2.5315378521655485, -0.4175498364466915, 0.027249538030892338]
[0.5894178139424984, 2.6984137133327595, -0.46348638759169136, 0.030140515127382257]
[0.8982212564440726, 2.5187976087291926, -0.4443733044568092, 0.028721717640090048]
[-0.09350239521398906, 2.5485257291535883, -0.4450034778321677, 0.02933253758793891]
[-0.01967193601859618, 2.5182686007406097, -0.4528367742565428, 0.030118879138742848]
[1.378204340046433, 2.148580380554198, -0.4696012610030152, 0.03457231406956873]
[2.847109051588575, 2.028162846637792, -0.42621779357396006, 0.029577001565750893]
[0.06561164848716405, 2.2159497150033927, -0.4108920409660839, 0.03024725705123922]
[1.4327214667935015, 2.1175763446844336, -0.3963856981088593, 0.027889752118345882]
[2.0728729438430977, 2.0515482020412485, -0.4098511731455779, 0.02871479129721523]
[1.202393876798236, 2.0720263804182224, -0.43725796602755307, 0.03268634891785602]
[2.081738020765757, 2.117017056958046, -0.4514573952297797, 0.03236485644406126]
[0.44867640955760324, 2.4285110860184305, -0.41081394674132105, 0.027472356862098778]
[1.679613437871506, 1.9316585480828703, -0.38856532404246713, 0.028391505370818686]
[0.5421077212406669, 2.4079694501619517, -0.46691699657242713, 0.0340382408732779]
[1.6211915426027206, 1.9702125124964385, -0.4077315482795192, 0.030220908675215347]
[1.3688460446325839, 2.3584384195333583, -0.4705577138501101, 0.032117050575363806]
[1.0089363649513943, 2.384474959925767, -0.4795585324490086, 0.03529026132054386]
[1.197614143590597, 2.396886955531114, -0.4825083555998615, 0.033673768423264694]
[2.29680640137287, 1.9977953272301523, -0.434716560724634, 0.03143763354329824]
[0.34028551934131457, 2.398985229979453, -0.44713274250342816, 0.03177524383770725]
[1.4239598236879796, 2.4530076979221644, -0.48097204630373375, 0.03214377998786879]
[2.09928463115921, 1.940732984584002, -0.4430127801247701, 0.03448346600126784]
[1.3802360558606939, 2.1200342872114355, -0.3957546098344241, 0.028327123158891132]
[1.726639917056529, 2.0956067149793336, -0.4081138886766314, 0.028440003150008178]
[0.2502449593001761, 2.4731278900185516, -0.4484682778706783, 0.030251529096844726]
[0.9695458164501951, 2.137778921743478, -0.44770472597417366, 0.03360576672524533]
[0.8352869742799931, 2.344247992048703, -0.4598950327962262, 0.03314856601209894]
[0.6127118762814439, 2.4881764144668295, -0.4396631165687906, 0.028801481469968793]
[1.7623053554117196, 2.204679709041981, -0.44594185415562965, 0.031702160331715946]
[-0.18364730543283825, 2.73917926281608, -0.4432282799632055, 0.02735817047982612]
[1.423072153750217, 2.175999293288446, -0.43820345610227235, 0.03210506060682771]
[0.9348921939008745, 2.3035369319954, -0.43571538848829516, 0.029566954992308853]
[-0.34147411507889247, 2.7041224760763107, -0.4571268597515259, 0.030308529808581404]
[1.8585128624181046, 2.1335989847840686, -0.43438351443674933, 0.03157820900971179]
[0.4278087378452131, 2.53403143016494, -0.44087991271129523, 0.028245284372973654]
[1.6344688792189954, 2.297862456010251, -0.4853296879030283, 0.03530197004024839]
[2.073968267635309, 1.860831531992591, -0.39523976842007247, 0.029613871166920804]
[2.016551279346728, 1.8726928546957027, -0.4303808197329719, 0.03309485225917928]
[1.1887420504667583, 2.3715994469281094, -0.4829311520052805, 0.03395895647377392]
[2.169067122505677, 1.9679621798413791, -0.3960935371643733, 0.02893246699827782]
[0.7737852483432537, 2.3279975970052336, -0.46490303021316653, 0.03356012105977166]
[1.9677366024772365, 2.2240918763932847, -0.4474815740831772, 0.031197294799453584]
[-0.45875769545075684, 2.578149956628362, -0.4286567917681745, 0.02863495207047322]
[2.03941446464105, 1.98139683514519, -0.4486355123931492, 0.03418270024660834]
[-0.13439053937049295, 2.5690806328821227, -0.44607763176937226, 0.03029590256737274]
[0.972143941735438, 2.4303676318267415, -0.4430273743384953, 0.029627697532971165]
[0.4772054756719841, 2.475478491119539, -0.4714582912425312, 0.033243743716538016]
[0.7563729308143579, 2.5091789375899984, -0.447876476891207, 0.030472320870122773]
[1.6663451608446014, 2.4478123986982965, -0.46377951066845746, 0.030308660484897585]
[-0.03127432847280964, 2.496982514554459, -0.40570921000767124, 0.026517988077225923]
[1.5514219393785482, 2.1336275399362195, -0.38927204895148604, 0.027442551064139363]
[1.627479450582085, 2.240992514785099, -0.4542223455081679, 0.031191102734470053]
[0.6527463825556166, 2.3956550031349613, -0.43192114303738427, 0.028491911316866576]
[-0.357241462956007, 2.73401859568244, -0.4857509315042049, 0.0321237278096634]
[-0.7287385965601287, 2.7298950440687966, -0.4835637990953438, 0.03248465854533955]
[0.3281369868274018, 2.3690839629110703, -0.4175631141075063, 0.028250811897908543]
[0.39514614080586874, 2.3155609501472565, -0.4305214790978564, 0.02966753659611779]
[0.5298679428011255, 2.141236157759484, -0.4158362419096026, 0.0314495383094252]
[0.5315289805911476, 2.47096916327554, -0.47808025833587015, 0.033924523872296795]
[-0.18557591930605932, 2.4562054133840245, -0.41351843176163444, 0.027370372134765803]
[0.8099304615988774, 2.2881273719402286, -0.41214377030161303, 0.02880758612830588]
[0.6840916774744383, 2.3535120763219473, -0.4476662400634765, 0.03228618883272412]
[-0.3867923058661882, 2.7855619714863313, -0.45671383746000416, 0.02925809736956732]
[-0.1876368140094673, 2.765741104777777, -0.4854422448534393, 0.031174785070362605]
[0.9521845190223073, 2.1637391089874853, -0.3880471820192942, 0.026440481387268854]
[-0.10168956739966761, 2.683794113149372, -0.4814801980715543, 0.032289436549885246]
[0.21714050897690473, 2.6704365273242128, -0.4833095638086935, 0.031548066365903286]
[0.10072032237412776, 2.6221311770591913, -0.43349088373067957, 0.027021289831270227]
[-0.17825647247543897, 2.5438545799298216, -0.4389462231150865, 0.028439639820174344]
[1.9106089385251335, 1.9710749286557774, -0.40808009950206525, 0.03011760966196797]
[1.4629233406128703, 2.2334244678115267, -0.41407262166847586, 0.028902732282671095]
[0.48192561305422377, 2.4530611506431113, -0.45333499515280806, 0.03208545748906657]
[0.6475016890330112, 2.2079425561785873, -0.3964487267789309, 0.027668921124071672]
[0.4002394218918237, 2.60019981911723, -0.43802540001543483, 0.0275772651334946]
[2.279746943187453, 2.0515033080317755, -0.44411399549651687, 0.032455586288802726]
[1.767145271047264, 1.999901995693814, -0.42222610456267273, 0.03246707055554792]
[2.0501024325686075, 2.027838466311543, -0.44272217975504174, 0.03315162232181668]
[0.967645531891888, 2.3186807915315013, -0.449682429138167, 0.03193810499809212]
[1.2428764975166224, 2.1747447492254337, -0.4176741914550423, 0.030005845453345663]
[1.7504605012642722, 2.1209522779358903, -0.44365779078331835, 0.033140565780234235]
[0.7913470955130193, 2.1687209253491693, -0.38730448640673554, 0.027361511515252915]
[1.7766954787846991, 1.962020609228685, -0.4179018148862274, 0.032533285666659285]
[0.055055306070124654, 2.6247677195630286, -0.44298473802086735, 0.028641717523598526]
[-0.750573914589391, 2.7874503107225577, -0.44869519239790817, 0.02793400236968235]
[0.6612710004358693, 2.2486904362535056, -0.38894171490990226, 0.027177938838191015]
[0.7525488352958143, 2.4278164221854923, -0.4165493410815695, 0.027680106312478497]
[1.120414051492359, 2.307943417839487, -0.44343719840065504, 0.030653880861930927]
[-0.07492135714776804, 2.536997452541484, -0.4168087189850689, 0.026254960692347864]
[2.1029506999522942, 1.97294357543003, -0.4144722969412105, 0.03031042537427511]
[-0.33034751241554394, 2.5905902646176857, -0.4350501192551967, 0.028722320903543336]
[0.6008367846845473, 2.478575753903935, -0.42865195487384533, 0.02805069643963663]
[2.5046510021059394, 2.088956790812028, -0.4214139234465626, 0.03019962323501396]
[2.525447903076301, 2.039452770622032, -0.45068538756455595, 0.032720209718526135]
[0.9365309862215532, 2.2602297757467444, -0.418947868190264, 0.02899513768908671]
[1.7361065127999251, 1.9864051551635216, -0.4128695998267966, 0.03115104087499599]
[1.9342428683723911, 1.9835639467280992, -0.39278963258527777, 0.028453647483917925]
[0.8629037397419919, 2.408331372134497, -0.43021726933549426, 0.02909393290422337]
[0.5085224903111585, 2.5572386751082012, -0.4716849652345308, 0.031731648805600685]
[1.0638684524862971, 2.2292583071088634, -0.4557896053589105, 0.03361877008902732]
[1.1372152429313984, 2.3317350377550174, -0.44693457838008127, 0.031186550800680134]
[1.1229177464332456, 2.0273087416927926, -0.4132349582365022, 0.030978270154727348]
[0.8098841118992977, 2.345642863507781, -0.41012208552202106, 0.027646673767152345]
[2.137170012702631, 1.9664604676425212, -0.42303772356836367, 0.03192944597397669]
[1.8305868157710954, 2.1797361025020074, -0.4341492177237939, 0.030678707451583104]
[1.5257623115642769, 2.269307553635785, -0.4584258696282436, 0.03288552559088207]
[2.1919118220451663, 2.104096690180185, -0.4717887534133007, 0.035076869622911726]
[1.189589315575443, 1.9742439269707048, -0.3964645011684772, 0.030453492782293638]
[0.7113155159451394, 2.434057070882627, -0.4441196260595219, 0.029215702507254186]
[2.2675445503689207, 1.8363796166795558, -0.40032227242120655, 0.03043382268782162]
[0.6784306319281925, 2.0575120513092666, -0.4038357460006953, 0.030165702596542044]
[0.8023817999931455, 2.1745597793561107, -0.4095987399540695, 0.02933724867819141]
[1.3887120519523934, 1.9779517833007185, -0.42835177506272015, 0.033417599483104]
[0.3414415839288365, 2.5882686833251825, -0.45510442746918556, 0.029451720887504373]
[1.7610895381382465, 2.2141090732114352, -0.411780725003109, 0.028006170122783162]
[-0.5021682028599646, 2.758373113277271, -0.4664385251805375, 0.030333355446402567]
[0.1665181703242946, 2.704794794624536, -0.45573281499631985, 0.028111447518677675]
[1.3155770904176225, 2.42855082826557, -0.48175651145832765, 0.033969641099478316]
[0.4352462599268958, 2.4793296725302096, -0.4420330417884256, 0.02933158697940169]
[0.8481470654228387, 2.430036969296881, -0.46392698129197374, 0.032084989921270526]
[1.0591892799738774, 2.4304919862357632, -0.4804125120491623, 0.03337478263890046]
[2.0389106647349906, 2.0519598989739825, -0.44343221966871194, 0.033281942757672045]
[2.568807597053377, 2.006639999528492, -0.44896313976931446, 0.03293830861438003]
[-0.3261685066849509, 2.516770783269322, -0.44760672943660806, 0.03104832523495005]
[1.3064587276680548, 2.0692835659171767, -0.4170071871719219, 0.030752930813870396]
[1.2174288728762153, 2.2616295653380254, -0.4515098902366007, 0.03227618711129051]
[0.1273506502745727, 2.4022976420624875, -0.39482477785911674, 0.026312141908917223]
[0.8132890548486298, 2.4415224112459804, -0.4494546632341403, 0.030172751374833044]
[0.46116833658799994, 2.6874843801250647, -0.46096169264781633, 0.029284374124541865]
[1.2550128514516778, 2.109252901614994, -0.4001540636892328, 0.027875067437415794]
[0.29525168136475166, 2.5677056046158917, -0.4246411637620511, 0.02633941469855693]
[0.6694669654717251, 2.293129111486141, -0.4410389104778279, 0.03162001953124129]
[2.0124375799712877, 2.04006129125184, -0.403781037192246, 0.027561152002640647]
[1.7125973268727526, 1.9095476673720333, -0.4061028626064562, 0.03081167479751625]
[0.22529358567427948, 2.569801441972837, -0.44563425558669845, 0.029208243475578006]
[-0.06972328165559594, 2.743675684050346, -0.47270712854817026, 0.030246619204199306]
[1.8796761484514195, 2.241104854504642, -0.4508739601095221, 0.031973914943013305]
[-0.2777232232101645, 2.7363088904406494, -0.4536757585716522, 0.02925685984764996]
[1.6672938328146145, 2.1563079707145776, -0.4581351460679507, 0.03310201413716577]
[0.9361922033396759, 2.4603510407559477, -0.438996217157927, 0.028446528913692797]
[1.262479904498866, 2.0097333172503578, -0.3892112193561167, 0.028327335274757528]
[2.4962902774756506, 1.9271405474474839, -0.4245742437789425, 0.032133518688859886]
[0.8955144885653086, 2.04841183934772, -0.38770932676840375, 0.027914717135601928]
[0.5950787942961844, 2.245538549729364, -0.40670992587907634, 0.02765495449601248]
[1.3385550735785436, 2.13052083608372, -0.4084997196135519, 0.028787093751852906]
[0.535115881673875, 2.4343468304195293, -0.4368915596022088, 0.029882654014097395]
[1.1019702556871014, 1.977403308841538, -0.3938406387553548, 0.029548886386901205]
[1.2766404351703708, 2.324762608665822, -0.4482370158574052, 0.030838926839193877]
[0.8065277876560679, 2.2930384774496417, -0.39760865632004594, 0.02715095021766277]
[-0.20566182546861622, 2.637183875309952, -0.43476202028762345, 0.027639780694851502]
[1.496058625699301, 2.0097943235631863, -0.39140988978865754, 0.027434715030175864]
[0.15528830791439008, 2.394355938517582, -0.3945276817481055, 0.026192981713710303]
[0.9243688279769042, 2.4354275967077155, -0.4758817682139425, 0.032977400622182185]
[-0.30585349073818424, 2.669149424201888, -0.42339679339948205, 0.02601668607012646]
[1.6584219829280196, 2.022680024136192, -0.4059944863061142, 0.029558470875042174]
[2.0003991644722965, 2.0070980662711593, -0.40556074677609566, 0.028861785155282788]
[1.2927153108680538, 1.924527019127103, -0.43338799392628824, 0.03436030826404107]
[1.6909166543433076, 1.9620896151723342, -0.39537760340439093, 0.02912824565120062]
[0.8664960055737114, 2.3998934010877795, -0.4790823821134068, 0.03419633321409957]
[-0.4201762081698872, 2.648480235649968, -0.4452938290432474, 0.028920807398556833]
[1.8808196174010616, 2.354464016249656, -0.4816230558696, 0.03363745475931501]
[0.6233928608773889, 2.5571685103725588, -0.47087683967688065, 0.03202401390878255]
[1.1675949226543243, 2.273172983463125, -0.4176948203832422, 0.029175790919790612]
[1.794452052690449, 2.2094007502786503, -0.4443371419710296, 0.03045783525660966]
[-0.06941808047538478, 2.52493963921296, -0.41048403845453585, 0.02566008120838869]
[0.48739603046591595, 2.5644351863205954, -0.46941746468267087, 0.03170851688019874]
[1.366258253840209, 2.244462124799967, -0.4738966849862336, 0.03479607164544251]
[1.7715432247914151, 1.9498417871837521, -0.4404180793323545, 0.032985019824679024]
[1.1975607929605707, 2.445268350105996, -0.46642345533542096, 0.03142140332928086]
[1.1702560683586403, 2.278503804137336, -0.46387563573153817, 0.03214273693179258]
[1.6072872901844488, 1.9754288867381236, -0.3899866351291597, 0.02819646649551124]
[0.6235960395833415, 2.4245142441086895, -0.44571008465544193, 0.031151411419993294]
[2.1903044990598386, 2.039333697196125, -0.46159479759374933, 0.034089992053140186]
[0.8742808920679774, 2.345517413493044, -0.41906246503643707, 0.028570114084906627]
[0.878669674017023, 2.3414953823328863, -0.4587588723895549, 0.03202729640338973]
[-0.14527338517044086, 2.7432576446341628, -0.48058077932746757, 0.03095834029984182]
[1.4073354367863167, 2.0843128033745133, -0.41288731669836054, 0.02978691754686717]
[0.1423586064960567, 2.3218366125931515, -0.44122479770823325, 0.03105695664028544]
[2.036214784638879, 2.1138998539680136, -0.4460711517394845, 0.03252991272934753]
[-0.08109434408014815, 2.7700895880977088, -0.4641042425395351, 0.029681707340436715]
[0.6137409303548642, 2.3006288077345283, -0.42323168612416806, 0.029098985708142646]
[1.5870400898590917, 2.0985293200831783, -0.46821714884553356, 0.03505709374789293]
[0.7854053212677021, 2.4199665454829713, -0.45089992990701977, 0.030806482194591263]
[1.242379239336405, 2.120419632585043, -0.4104724356871173, 0.02929171887210894]
[1.3204713852883398, 2.151302719560313, -0.4090568468503721, 0.02829167075681053]
[0.40842669288343414, 2.5568438331586725, -0.48193868891166236, 0.03285949890633731]
[1.6760991793838977, 2.1676309850123463, -0.43625753411537166, 0.03068496453855524]
[1.1439915658521893, 2.042389299792122, -0.4029890499621135, 0.030381856689856317]
[0.4495935194896039, 2.5417861033108027, -0.44382040973064474, 0.02803501506564547]
[1.8891691620740096, 2.061151608345902, -0.3908380096998165, 0.027755815440894383]
[2.0512979097294286, 1.820220758252837, -0.39421163111367674, 0.03129122162551074]
[1.0087511270965663, 2.033565005188637, -0.4141397498777316, 0.02935389247597644]
[0.09844768348999056, 2.4146660895545997, -0.447182629521071, 0.032078227559735564]
[0.23249907274080828, 2.732653800692414, -0.47274365914569616, 0.030155347741716312]
[1.1728454214852597, 2.0134990009088085, -0.3875680584321181, 0.028205908633523253]
[1.1458137303718363, 2.2279306160189565, -0.4339362958089461, 0.03175556544437454]
[1.0584030986536126, 2.3356810883179238, -0.48279375432232763, 0.03481257507468448]
[-0.4377087560507662, 2.6580502463613933, -0.4510093211844033, 0.02934417489737251]
[1.2571802015946938, 2.254168103352186, -0.39206013363176, 0.025919467699943688]
[1.0738272090311298, 2.2927595674207555, -0.47451581775152013, 0.03421262731378512]
[0.5124086370985181, 2.461168966463215, -0.4482175225348572, 0.030562052840496467]
[1.2091567815256181, 2.3549803697702387, -0.4133648111911109, 0.027085266649271408]
[-0.11572040662167016, 2.5937722479024803, -0.48153875920735767, 0.03283732823647346]
[0.7581706271993442, 2.3646207854864745, -0.40457189926476156, 0.026427018877771356]
[2.209483263949024, 2.0610370682435626, -0.4195753571625623, 0.029817909733367294]
[0.741900251981872, 2.4290963571486985, -0.4838646204438126, 0.03514524004086167]
[0.4411309755591639, 2.5975019755283153, -0.47181296792864547, 0.03140454682861648]
[0.4967067863586325, 2.430424133652341, -0.442872896547009, 0.029719789313912528]
[0.3326410283788426, 2.5064225503537627, -0.4700179986591433, 0.03207512446854318]
[0.776914234285587, 2.453836558444464, -0.4528167385012545, 0.03027599673176101]
[0.8728237516828097, 2.036378854182886, -0.40033096164321164, 0.03004083796097963]
[0.9321130346854556, 2.2262380252380596, -0.40322057480220935, 0.02886665642976798]
[1.6684789529589663, 2.2826899020702762, -0.4512133838009964, 0.03143663439476833]
[0.3318962115888966, 2.5716431210614714, -0.4547602073300984, 0.029896198114385528]
[-0.17680878889083607, 2.6895412050769427, -0.4726572463652759, 0.031078798217708592]
[0.20110296819001228, 2.4748446931384476, -0.43742772486468096, 0.029095341424904008]
[1.5196973867284913, 2.006158385182351, -0.39714658445416, 0.029600046652078577]
[1.1117903944201015, 2.2878146057904507, -0.4438084193962989, 0.03107239047548413]
[2.3189636884839806, 1.7961534187045376, -0.40823047149787905, 0.031530750681785]
[1.046742562063578, 2.216842343867286, -0.4021391321981946, 0.027180436439188518]
[1.5122028908899154, 2.300822856605671, -0.41202625610027677, 0.026942573619636565]
[0.37702614139896484, 2.4516088371594518, -0.41363777427849724, 0.027285957728197415]
[0.9798215799353729, 2.5403160119123993, -0.4765588233911644, 0.03193024135150762]
[0.16577315622047806, 2.381627056601717, -0.4166792722551776, 0.02736972536600297]
[0.4979388156289093, 2.5895783392064295, -0.45730422313069197, 0.029254710208523105]
[0.7176878317555837, 2.4971867777177317, -0.46870610410456126, 0.03195176184002346]
[1.4594156214603742, 2.0154790731727856, -0.43259610001950266, 0.0320592205428781]
[0.6753211734335585, 2.597361131317183, -0.4850610390460037, 0.03281091697395513]
[1.7115968388733735, 2.292689606506629, -0.4636476757266752, 0.031969823388185166]
[1.8478874266319592, 2.079530765398749, -0.44549517587845006, 0.032676343857172246]
[1.2474333453541475, 2.4115738311490436, -0.46947692429626775, 0.03166559732891686]
[0.579296816508188, 2.3987956355514646, -0.4529328212404504, 0.03139092995114277]
[-0.4211902376577963, 2.5879374304914458, -0.4140233646556768, 0.027060541333839443]
[0.5264227506282531, 2.492806007195295, -0.4812372076506269, 0.03314586714657888]
[1.2350330556386053, 2.4640813472071152, -0.4799148621094008, 0.0330102137461334]
[2.6829050419667384, 1.8217786390701707, -0.4329515321046454, 0.03246266691396373]
[1.4202541988888928, 1.8494320209749664, -0.39094915249704354, 0.029818330953244123]
[-0.36516570366598433, 2.460115382991665, -0.409138730195044, 0.027339688436708035]
[0.3175872997069935, 2.4719377615444107, -0.41101336661031873, 0.026613428326448276]
[0.20120160068925497, 2.492850147493102, -0.4088330805277938, 0.025778314550263373]
[2.0912501712036717, 1.8900821537424226, -0.43865985043787925, 0.03407850111774958]
[1.5380707596908487, 2.2382759356285544, -0.44471863032900316, 0.032695923380787174]
[1.5517363351380995, 2.2673958225898816, -0.47558267968981205, 0.03405596548629777]
[1.9932392472074114, 1.8066290398386644, -0.3998675316112142, 0.031068333192253276]
[0.9631611313481683, 2.488973822915078, -0.46479034087043325, 0.03180700142793765]
[2.7865347810658383, 1.9483230829235714, -0.41210336425089383, 0.029748645419641746]
[1.2645185268408823, 2.32783654876964, -0.47954324965486145, 0.03440791696521686]
[0.4941644088881345, 2.1579532282873255, -0.38870352068786995, 0.027373796280142797]
[0.5841224897412594, 2.616650705919782, -0.4835523657116434, 0.03330947958316198]
[0.42303614357286845, 2.681485754709346, -0.4468699584317052, 0.026937163233622878]
[1.0615147298716883, 2.314364472218055, -0.47147790858250727, 0.03447015500554034]
[1.2640307822577665, 2.2945464213783984, -0.4767459912384119, 0.03362374261197271]
[0.5651746640775563, 2.2089767586769824, -0.4202251749997095, 0.02990307098843248]
[1.2304464003225926, 2.4327432448424338, -0.4667839140154559, 0.03165753324278603]
[-0.13122464628422037, 2.524221464061558, -0.46170416993540253, 0.03202133610918207]
[1.309159396244329, 2.2070840428728724, -0.4376877744089107, 0.031036478290100228]
[0.910665606691559, 1.937312766629291, -0.3925300888360253, 0.02989460168743549]
[0.7334122946468455, 2.7162882052198167, -0.476801829505528, 0.030518453950438992]
[0.5263461033749501, 2.52151922394817, -0.4728806276455756, 0.03341666887382846]
[0.6426173306322673, 2.366555543870285, -0.46941406566246896, 0.03288942539604085]
[1.878904156460666, 2.1022723330230093, -0.46482164823421174, 0.03457730003019552]
[1.6596126886153613, 2.173814600405739, -0.43308712587974874, 0.031057958781374205]
[-0.3227385819283919, 2.6235843239781547, -0.4467051556479361, 0.02963570495171902]
[0.22856729645789642, 2.7025377462894857, -0.4347724004215836, 0.027256139343884607]
[0.6696899614947753, 2.351278452121912, -0.4474860109710409, 0.031392643926516195]
[0.5006651894361744, 2.28313828493168, -0.44787144852723537, 0.03355241954468623]
[2.3775881332446223, 1.9075873812063624, -0.40649208417627297, 0.029285381875419098]
[2.3227399316820807, 1.865982926203041, -0.4195155990708922, 0.031196291157537644]
[0.2728680475417322, 2.7084370658203905, -0.47381358269695467, 0.030478719758085436]
[1.2457587958177911, 2.0889279288085314, -0.4581166839996935, 0.035110948316583526]
[0.2301421862608941, 2.445519966799199, -0.4363689281602636, 0.030213771977991508]
[1.2372618972458724, 2.0129874028314227, -0.40102901869963403, 0.02934514048171183]
[0.6047611036234009, 2.5705569391196095, -0.4530567942558745, 0.02988512717996629]
[0.6901784072990869, 2.322388226442402, -0.4091133096286911, 0.026673733049902785]
[1.3603690259441419, 2.2960153645698256, -0.4404493499274685, 0.030400237191602175]
[0.9600853644833012, 2.561445556872024, -0.45658053258874454, 0.029316804188514164]
[0.14794690845363512, 2.6148437954026496, -0.44045389560758547, 0.02849705931188158]
[1.0350401835238463, 2.194298614509744, -0.43144529184060726, 0.031545290820557584]
[0.7161331623323832, 2.6495035244401004, -0.47999394124297845, 0.031048986928065278]
[0.31794309584964564, 2.638908188117916, -0.46130865566109214, 0.0297847049567899]
[-0.23425356156016575, 2.641056065582346, -0.4525364053553474, 0.029159500164040793]
[0.8735865907218914, 2.5142451049495076, -0.4802571035063755, 0.03252306374184439]
[0.3357033617796956, 2.4217684859237565, -0.43097001268004975, 0.029577685818276044]
[2.1637959957788424, 1.8556452703384227, -0.4307574720724121, 0.03431804542946107]
[1.3927279428802377, 2.13762841935211, -0.3935864645781414, 0.0275305878615156]
[1.0449329573544617, 2.144682134196311, -0.41325153110718127, 0.030006659397837067]
[-0.11816397379604826, 2.4277098497901597, -0.4428212591738557, 0.030879080079532106]
[1.926191534171882, 2.1536206674344305, -0.4630918357230006, 0.033566032644209015]
[1.4487062766292098, 2.3891822548154007, -0.4417346465418762, 0.028965714097380083]
[0.003935491471549479, 2.6271701798497027, -0.4373397658865876, 0.02813749166817512]
[2.1877685224967376, 2.0107821627964344, -0.4329086225978567, 0.03190161837427854]
[2.17555813117275, 2.050352285953551, -0.45027393115216996, 0.03372879242680239]
[1.8715766231704367, 2.099105120803167, -0.4320272487163644, 0.030866876942808267]
[1.3516534450454243, 2.052520838264571, -0.4484507709428851, 0.03319303068496582]
[1.205676583486992, 2.0952733543258417, -0.4293492825316408, 0.031692883090625054]
[-0.1877805957089329, 2.573837247537279, -0.45037769427814056, 0.03125683631195437]
[1.555338153825696, 2.0358963554745273, -0.3965638187059559, 0.027707052364889292]
[1.7245886748445707, 2.173381045791714, -0.4690448781620277, 0.035059451669144794]
[0.42208172193808124, 2.3370768268534836, -0.4632488394302635, 0.034585648331578664]
[1.210407435967641, 2.1276685513037727, -0.4522111524196436, 0.033453720083874344]
[0.946751511449091, 2.2275647039176354, -0.3898896654122664, 0.026287184171762724]
[-0.18306793161173074, 2.5494586882658394, -0.407306650387368, 0.026777614584191107]
[1.3665562527194406, 1.955697132034588, -0.3955227460529351, 0.029518861821906772]
[1.1415113981067906, 2.073467568061141, -0.4296609887853387, 0.03311647022887091]
[0.4584040757200376, 2.6547245459751827, -0.46121982926668464, 0.02967847473804639]
[1.3606531643602278, 2.389721688989455, -0.4626944717288979, 0.03223452708643898]
[1.1973006101387216, 2.1356147455924646, -0.42141326507983, 0.030631255554300046]
[0.9805977512027817, 2.233558060207489, -0.415101744735883, 0.028500019283724448]
[1.4832938415762875, 1.998041477549542, -0.40275507797202115, 0.029683443057164742]
[1.2214778106660975, 2.1517169143490773, -0.42301002297396484, 0.030723247756256164]
[1.3853467126596666, 2.425996363394181, -0.45758187775609666, 0.030971139927926376]
[-0.33853461109904615, 2.615229914993319, -0.44364144493642405, 0.02915100657422837]
[0.007192928315409297, 2.4046379320474918, -0.4073213776912181, 0.02659463466848168]
[-0.21552407798359408, 2.4543569423679, -0.42740469265814485, 0.029081306278737895]
[2.542547445382019, 1.8111521128607948, -0.4094984224371092, 0.03131868025929002]
[0.9956239983853123, 2.2993871423878627, -0.4399192827093833, 0.030585625586471096]
[1.9410118047537908, 2.003334451623579, -0.397159408969714, 0.028562387297782856]
[1.2886434165508507, 2.1921210176758996, -0.43442221897408817, 0.03101198642915734]
[1.9330117474388038, 2.195290032586754, -0.446122057008215, 0.031289746611873025]
[0.11722440688340541, 2.7272409252092604, -0.47299046386135496, 0.029817215473198166]
[1.2511914094926513, 2.2684795456059828, -0.4467009142643934, 0.030594414576057348]
[0.5604189251162306, 2.5030437068945943, -0.4700274880462691, 0.03226620744591122]
[0.3709090877127954, 2.4197098204410805, -0.4063706410075539, 0.025718217664121492]
[0.7798026063601595, 2.398335047473498, -0.4182165587771156, 0.02759426147283563]
[1.1071223917957203, 2.326865874457591, -0.43625331156486064, 0.028950316780975857]
[-0.8952398535963684, 2.6966721666707887, -0.4565381702196578, 0.0303102077904912]
[1.3672077347145128, 2.2076726267821902, -0.39118218835043905, 0.025645808071964635]
[2.5657568576449568, 1.837710025188049, -0.39752849612210156, 0.030268177534512743]
[0.2832845895461409, 2.5274016477927517, -0.4836488219818187, 0.03376291498652699]
[0.9722465474873321, 2.195409749099716, -0.42113552207367894, 0.0298999832980364]
[1.433046593678323, 2.2092311447187423, -0.4553530161229723, 0.03244347707786]
[1.1537758341091373, 2.142951933860719, -0.42304657464778733, 0.030748154858420786]
[1.9789079233097202, 1.860063804022917, -0.40401183918242517, 0.03008435588049256]
[1.1903515784420917, 1.9926245508155611, -0.43226003233691496, 0.03311246587614639]
[0.38846994409838365, 2.383880719279053, -0.47766715235427487, 0.03541515103021599]
[0.7237081735388311, 2.435281683105498, -0.45016392346737, 0.030218539156080332]
[0.31399894348930557, 2.5387214054471965, -0.4173124113548053, 0.02555825750935764]
[1.3797584426492153, 2.1178193137743317, -0.3912354163565719, 0.026860704079572403]
[0.9854997564934629, 2.440149830838828, -0.4742789433820522, 0.03334023550751622]
[0.021060973500185654, 2.7445705108426357, -0.44410325869924444, 0.027049965185483364]
[0.36567415827079275, 2.7457713933641275, -0.45612175798025767, 0.02797326671742663]
[0.7105603776599856, 2.50097271704709, -0.4410205804988711, 0.02798479131090876]
[1.0753407729350588, 2.035518979166337, -0.39220252556636753, 0.028537091203870046]
[1.7891442335459877, 1.8665721461902038, -0.4106066901053813, 0.03228004001675622]
[0.8413476623304961, 2.4674177504280923, -0.45061306282809394, 0.03011300354803246]
[1.1615679867674902, 2.4419317052692207, -0.4464532967752949, 0.0296433791343162]
[0.45050836665738414, 2.597540920550842, -0.4282811678558453, 0.02674893505521044]
[1.374203135480045, 2.5863484984052687, -0.4684901126713854, 0.029768201200808822]
[0.21374326516930964, 2.31899958946785, -0.4068935449636399, 0.026512637630141847]
[1.310705098603702, 2.3088018323450923, -0.4842583719206195, 0.03485072376698504]
[0.3805858612744597, 2.596002043968286, -0.4174994135370833, 0.025962715160392832]
[0.150165521151032, 2.7108450464372753, -0.45525321416462494, 0.029049690373672464]
[2.2835420084530984, 2.191597951290162, -0.44919995128957463, 0.031228603972321533]
[1.96197518835561, 2.017510985916223, -0.4290712311353706, 0.03218746652830173]
[0.3764465265588739, 2.3764813951597565, -0.4172586326869762, 0.02773973561909701]
[1.5232999879314209, 2.215175450258373, -0.4355884287098434, 0.03130083400713514]
[0.930765547785152, 2.4958644856937604, -0.46353543365430633, 0.03100696123426872]
[1.972644934272762, 2.3595876229825086, -0.4748042048974178, 0.03249355228662054]
[-0.29593710947689145, 2.5969409649144457, -0.45041934961798635, 0.030854140870221064]
[1.611060228485535, 2.2089697667235444, -0.4780051540619334, 0.03488328552029468]
[-0.15113518926391656, 2.778448565995391, -0.4235575264233663, 0.025595463289220355]
[2.1446922232987835, 1.946701752605187, -0.4017665309096892, 0.028925385800062313]
[0.6912977721468514, 2.3223179385042263, -0.41441082678802277, 0.02831165820624224]
[2.56541807443729, 2.0448825427448436, -0.44011129319076603, 0.031403540717908573]
[1.1093162761612767, 1.9422219374173006, -0.4003911726848275, 0.03033360604472552]
[1.9352264911782906, 2.1265340575156038, -0.39032394559256306, 0.02672724797785025]
[0.6797996013520793, 2.315761236589815, -0.4466974910693539, 0.03136341070533613]
[0.5904036479692105, 2.1748154579674344, -0.42823962181585334, 0.03254349959484981]
[0.3037082380811422, 2.639250878351352, -0.47354107856343375, 0.03161847523794268]
[0.8205739916765702, 2.1571140936413777, -0.38897129845405953, 0.02694352695310942]
[1.0489025278675466, 2.288111145074911, -0.39057409299436613, 0.025978532852726784]
[0.4280352160066614, 2.465577628928236, -0.4702593214365225, 0.033092409932946626]
[1.7970921429125557, 2.3742780788044877, -0.4631004921636452, 0.031347516909920624]
[2.1058662699150714, 1.9687143882682223, -0.4487114812139206, 0.033644560781541995]
[1.3192522026996563, 2.068100024458481, -0.390354869476208, 0.028424726822453304]
[1.960072826133584, 2.115335789178986, -0.4460768540260199, 0.03239040125502118]
[2.332773809234088, 1.9605571646748507, -0.41977526037108415, 0.030343394368497097]
[1.232436348018195, 2.249464472380592, -0.4413225184886208, 0.03049748233668574]
[0.5376395776335059, 2.5431425469024886, -0.46376622849975635, 0.03163587791212527]
[2.342742621415745, 2.051272207532109, -0.4502717576928876, 0.032190921170023735]
[1.5790690303708095, 2.0227115795864443, -0.41460067172336545, 0.03081020074647227]
[0.6101755373100528, 2.4546342724979224, -0.43216458793229323, 0.029194953176265314]
[0.14885683608242584, 2.722717754414929, -0.4760839293118536, 0.031128088419271203]
[0.6868800123490586, 2.668175455783265, -0.4788881491518844, 0.030857711807798865]
[0.9893087547741612, 2.090746992218373, -0.3870722741867282, 0.027113822576060174]
[0.23590370413650552, 2.6617176447932653, -0.47636318016387835, 0.031408207264065846]
[2.451015630614276, 2.0401962326004206, -0.4388310861686559, 0.03177952191332053]
[0.7968407555689829, 2.307553693180353, -0.4626632465492913, 0.033694614714653806]
[0.22017090734385336, 2.6239962874436085, -0.44678463244486166, 0.02758850460532549]
[-0.5637258101292622, 2.4720854231325124, -0.4044660852292413, 0.026900229582214906]
[0.45810642594403195, 2.4906923080105, -0.44917052283216674, 0.030614588466794664]
[0.77243994763072, 2.3741851867807253, -0.423469209354476, 0.02896727438419518]
[-0.02903042001215228, 2.3933229255305983, -0.4475541416617502, 0.03181250149349791]
[-0.1138371438114012, 2.730210144064824, -0.4491547181097089, 0.02800333928001945]
[1.8776273821866702, 2.2031877632850922, -0.43721762481505394, 0.03055618575294685]
[0.7015682720314, 2.29601729873093, -0.4440951416331971, 0.031379106780695463]
[2.5252345048952645, 1.9060799874279306, -0.42141819455447793, 0.032343535843969956]
[1.131092730720129, 2.303628365663792, -0.4003938704680954, 0.025800499923725614]
[1.0947266234333357, 2.42693862797493, -0.42704541031047644, 0.028338584317979386]
[2.1611014999245692, 2.0305300771135038, -0.42626560910204847, 0.03142100877378285]
[1.167218094332688, 2.08426115049733, -0.41112189672567195, 0.029255942923152208]
[0.8149763333061228, 2.099364737027841, -0.3968286765545948, 0.028670637183241976]
[2.1094969465708884, 2.313689890174242, -0.4867644078303447, 0.0345328995795738]
[-0.8720093613239395, 2.754934404752411, -0.47645575232082865, 0.031799417334127215]
[0.27489034559795433, 2.5708539601075304, -0.4334559313341696, 0.027723367189644656]
[1.1374800210102296, 2.314864517101677, -0.4338085176502212, 0.030075851529185654]
[1.9560709967961762, 2.0344326989378674, -0.4165250544796943, 0.030842077179645242]
[1.2825154274343231, 1.9564726388675855, -0.3970303690344997, 0.029550671654377685]
[1.3735743059047256, 2.195800950324734, -0.42693318144369, 0.029725201716818344]
[-0.03866342167318626, 2.5419773016227367, -0.4324411824029884, 0.028725313859902686]
[0.7516034260208482, 2.2598277537491764, -0.40273776217592566, 0.026473106104822095]
[1.720889205059636, 2.175871387237372, -0.4693268124896167, 0.03474410486274361]
[1.3800384145747624, 1.994781146295722, -0.4530730020111766, 0.035125892615299234]
[-0.2578151332458818, 2.7222786281859253, -0.44072040278171865, 0.028073557238015016]
[0.6545231254141282, 2.5458705618101, -0.4651352993569624, 0.0323074412197947]
[0.8105335381046332, 2.3975680565149626, -0.4087252515387751, 0.026262520324611585]
[1.6474285820364534, 1.8368305869574164, -0.40592443752965574, 0.031181395899004663]
[0.04888639977601894, 2.34652971525745, -0.4003285758870593, 0.026743612017476284]
[1.9111300905550381, 1.9497139337319098, -0.4492290282297847, 0.034192051741450305]
[1.0752411756590816, 2.229834959452826, -0.4561828070168717, 0.03323263600134529]
[0.3722274297966819, 2.5665420506355896, -0.4749481986116306, 0.03227688319606106]
[1.106416762662795, 2.179781220068362, -0.42357590600256817, 0.030214423581396064]
[0.6568834209501659, 2.079291096745015, -0.38980815727539325, 0.028560863959925242]
[0.959538963321092, 2.372072586018747, -0.4356697434187819, 0.029653777318738982]
[0.4823992267151618, 2.2622530792764963, -0.4214189000026364, 0.030449459759955867]
[0.14071049168327354, 2.6529281242166087, -0.4659021261420736, 0.03127809561441958]
[2.3784042886411325, 2.1388353414387837, -0.4248821456371782, 0.029224589899727205]
[0.4666679550178925, 2.4815724566995123, -0.47054132690818923, 0.03272476337564734]
[1.1400602520696448, 2.4965729634259755, -0.428356573566603, 0.026693625812538476]
[1.0533328857849815, 2.445907384813257, -0.47095172697660637, 0.03331134658852951]
[1.8621838807349187, 1.8101246779151314, -0.4163215059224018, 0.031784056378903205]
[1.8555288247542938, 2.236850996722918, -0.46817543434661146, 0.03367600621085374]
[1.4781554725395925, 2.058981731807333, -0.46698603762612856, 0.035240623345420385]
[0.8662373611382557, 2.590158943400401, -0.47843137389527524, 0.031691633015826184]
[2.390581297281139, 2.1877125098334296, -0.42354406579475296, 0.028440695286334403]
[0.9257010757677056, 2.288637210675942, -0.41701541052402535, 0.02937230740396273]
[-0.07723235326698674, 2.4418033848282352, -0.4079304013273039, 0.027010068538601006]
[1.663593009561466, 2.218781732968109, -0.4440118302098993, 0.032107784133394504]
[0.9603819761806327, 2.2639939271936296, -0.428136236744716, 0.03005493289586069]
[2.2590166953287314, 2.015253353650385, -0.46402997869442986, 0.0348995885500643]
[1.9948212561425525, 1.9305174783957013, -0.39461302315389474, 0.028912784572306505]
[1.2261986182465452, 2.2557980697307864, -0.473210639037726, 0.03437327761682367]
[0.07731171012258375, 2.5691878003126996, -0.4250457389095512, 0.0271782323673051]
[0.962740220019747, 2.3505644725144252, -0.4595968169772947, 0.032568184503091374]
[1.546750716717368, 2.310134109588778, -0.4423917673349286, 0.030267133348999883]
[1.4188277698452154, 2.1342299094132264, -0.42061732285155173, 0.030502682491084912]
[0.28347015541609766, 2.347250851636568, -0.42985111756995104, 0.029923490793909824]
[2.146878616317981, 1.8169405199719666, -0.3969975148015094, 0.03019411194386602]
[0.2788182332461604, 2.5131539723486607, -0.4848895104222503, 0.03442130053814679]
[0.8102720403643882, 2.2112197630546078, -0.4400549200056873, 0.03218587462965385]
[1.5924702598062335, 2.0800453756883868, -0.40042650992859397, 0.028164449994738924]
[0.9287402849969539, 2.418719897901778, -0.48003085098247483, 0.033764897031330315]
[1.1534580862116544, 2.2129045732457158, -0.39295256822961416, 0.026634893393334854]
[0.05613497088341646, 2.6035712048150015, -0.4206223183646192, 0.0257397993210248]
[0.8078767004387428, 2.37125272845474, -0.40142211461901905, 0.0260453176194709]
[1.8683134845450193, 2.0352733093521342, -0.4200535040353296, 0.029550712076022313]
[1.1081006048196986, 1.9899442439540058, -0.4205877090603829, 0.03160226405442396]
[2.0621688008999026, 2.2709587617407174, -0.4809623585235014, 0.03369639104226177]
[2.656995581172946, 1.9154135186484722, -0.4014490119132544, 0.02840360187899213]
[0.4611611770305921, 2.5784625093777684, -0.4323677804393286, 0.026859559248297353]
[0.6409118951212691, 2.4677065023070273, -0.4405887603891633, 0.029699850364454678]
[1.059028429436593, 2.320919757824067, -0.46208583050625124, 0.03234767508309819]
[0.6389812384469487, 2.1503042769347656, -0.44289270261705854, 0.03262812410699255]
[1.417412663389344, 2.2065650427126138, -0.41792245360600533, 0.027997993917230967]
[0.8861162478370979, 2.151242378083273, -0.39599748661890777, 0.028531100258147566]
[2.008768240372273, 1.9893085799699246, -0.3992580047897264, 0.028875460044598397]
[-0.027560018988265877, 2.674321291489335, -0.4459538203950752, 0.028491210838653733]
[1.3335655989798925, 2.065908265540435, -0.38854212631513485, 0.028164004881456678]
[0.7160449415286338, 2.2623624658286308, -0.44705895577535815, 0.03269887847089794]
[1.9959904475955965, 2.140576447540341, -0.40882215967051416, 0.028403142931020718]
[1.6456852427729443, 1.9961898899784984, -0.3922398881701614, 0.028004799301673978]
[1.4913186666780835, 1.9872606152225192, -0.4341624570059662, 0.03312690982194734]
[0.4053874190322997, 2.6088059236138585, -0.4642956919769642, 0.029794487951030346]
[1.7822538167034323, 1.892705444984859, -0.4150160575651797, 0.0323999239369201]
[1.1802330283549107, 2.0094841915397614, -0.4047265996746159, 0.02983508480898009]
[0.6832158052027979, 2.271243082683324, -0.4051428760745216, 0.028055884089354124]
[0.9927766841055687, 2.24086011865716, -0.44155304869349393, 0.032271183214744315]
[0.2510336164943987, 2.428562911717999, -0.44816652400649504, 0.03115489516818822]
[-0.059213026205199526, 2.3954962910779396, -0.40342348924207866, 0.0269455443995294]
[0.7651295983029343, 2.455224872267489, -0.4554330898544508, 0.031095754714916213]
[1.360558076881877, 2.3553519658230524, -0.4731164475451873, 0.03385479541940198]
[0.6262639660675, 2.3420490103012694, -0.4447002135144706, 0.03233153592405086]
[1.4489241823204697, 2.3261844385436277, -0.48487580754402665, 0.034730708691331276]
[1.648665277653396, 2.1435171781646973, -0.4471924318500453, 0.03237486206893293]
[1.3433921318915556, 2.310644432711718, -0.46063298510903383, 0.03239709829843884]
[1.8006818421620108, 2.289248039274298, -0.47090111333256063, 0.03360921518893334]
[0.628476286602325, 2.273137521014635, -0.4263964933304735, 0.03010152696774026]
[0.3902382034701386, 2.2376101034687945, -0.40114231228708835, 0.028291689736738155]
[-0.687200294593743, 2.745926389685921, -0.4616962243789627, 0.03004075430916707]
[0.6984293619976718, 2.3980055005752456, -0.41010548338698455, 0.027057925420024574]
[1.4783010551783655, 2.366535503705059, -0.433425040053974, 0.028011385829734226]
[1.2319908062211167, 2.09096893988057, -0.3963855395251185, 0.02871456269511453]
[1.565436935743561, 2.0230174319101453, -0.4326905619282988, 0.0319563381022822]
[1.6720721682087123, 2.3031561266161775, -0.4277750924687257, 0.027763479837461125]
[-0.28304427353583694, 2.741492839126206, -0.44231100709353116, 0.027488588186578504]
[1.2232311654608723, 1.9516724674874861, -0.3892645094796512, 0.029921979606137666]
[0.15283934429938473, 2.3005528063404554, -0.38801466217854297, 0.0265465488225293]
[1.5811134540937033, 1.99680521187676, -0.3961740397642166, 0.029180358990285732]
[0.9831581118287107, 2.1790861258362093, -0.39266567439331346, 0.02666029936043649]
[1.0552928834526099, 2.1896677288488204, -0.4089466656750977, 0.02806113372629076]
[1.3085400042248279, 2.028748756164674, -0.39230815457830864, 0.02889546106841465]
[1.2402626768586655, 2.2234691081248306, -0.3950403671752677, 0.025609916913493045]
[1.7286734471812681, 1.9986931378088961, -0.4077495068874878, 0.0298545891967884]
[0.4200601752746076, 2.3921404222325187, -0.45343621607354817, 0.03237737218056631]
[0.2683331438860628, 2.229949463453106, -0.39623277409405183, 0.028265786539659523]
