[-0.11293849126697308, 2.2880327560962903, -0.390781526782346, 0.027055620700508626]
[0.7993767248745947, 2.3373243917708475, -0.44252389105051304, 0.031194387473605267]
[1.3609846839949644, 2.2340000894162837, -0.4040284087600986, 0.026866368612943014]
[2.1258306833750233, 2.1200632376207604, -0.43921082064135664, 0.031058585966015257]
[2.045428038384173, 1.814722453909297, -0.431173503884163, 0.033581170318316034]
[0.6410344369004335, 2.5401013697448582, -0.48488624592028307, 0.032949628324583084]
[0.32918249862674687, 2.506392895380197, -0.40915364382891795, 0.02619359437751206]
[1.2261177193785238, 2.110457272325676, -0.40046233137367104, 0.02801018095690113]
[-0.6105184213952781, 2.476127299345634, -0.4032424117769433, 0.025832654706214434]
[1.2340574884747122, 2.1170627108628324, -0.4029210241547527, 0.02861159966397726]
[2.0860405773678727, 1.9519252674025767, -0.40995637313494904, 0.029656196822403186]
[1.8289542584793281, 1.8448244282881725, -0.41368664036371583, 0.031674795451669346]
[0.060330756152519704, 2.533430443711707, -0.44879235306268667, 0.030054689405220186]
[0.742925076293091, 2.552757635730521, -0.4814949970254105, 0.032788718320454976]
[0.03769193805772186, 2.652230111633343, -0.4264642833571711, 0.02754531733520427]
[2.4433134069245233, 1.9903432829625103, -0.440752092715999, 0.033735644623367846]
[0.5289515040452648, 2.335409713413724, -0.4185998675970357, 0.02887615812714753]
[0.4464171266592887, 2.301702417899282, -0.46322118619910635, 0.034229933687971385]
[0.2772457307264049, 2.528867606974499, -0.42781261074478305, 0.026521110897840455]
[2.648104312723843, 1.8343829894363535, -0.4039136628661629, 0.030172958789113212]
[0.672263399648187, 2.1534780119897525, -0.38954475217938916, 0.027369224097347353]
[0.1767076839303341, 2.7352992153177276, -0.4679703485470381, 0.029797890414509934]
[2.535626307674467, 1.9782948255401198, -0.45297758684243405, 0.03436369835020951]
[1.0262549289964884, 2.013587453335954, -0.44208777396672, 0.03419072058569421]
[0.5261740908378392, 2.2993064422557663, -0.41208564499112244, 0.027209204873065846]
[1.3619720051825501, 2.3332169577855852, -0.4467990924927938, 0.03058859656194332]
[0.6944069000963915, 2.3080404586996703, -0.4781825703594837, 0.03487608561365789]
[-0.09711263214684696, 2.456445241573847, -0.4167729266312817, 0.027532990919239126]
[0.5498300770101046, 2.6027851530273933, -0.48018573967081196, 0.032368611588681304]
[-0.0574592810011918, 2.627148845363382, -0.4528273923864408, 0.029941563334721095]
[1.5896810939708788, 2.1982987112774417, -0.4530200833969261, 0.0330626852285396]
[1.4126769924775475, 2.2224877382047454, -0.4728884737516983, 0.034428060460884174]
[2.1177526129471755, 2.1074947254249374, -0.44172629039327466, 0.03139888327378621]
[0.2876966027368377, 2.5846594045606546, -0.44206637538678645, 0.02906661062015682]
[0.8658208798281017, 2.370420569418989, -0.4648088333962073, 0.03258048852639484]
[1.374259766567846, 2.1124136202574255, -0.39188435097999447, 0.02743312567849409]
[2.0720930767970653, 1.9742434691007569, -0.4477010080995652, 0.033126401852111936]
[1.27749011616342, 2.141907289432044, -0.42053107991239563, 0.029808155688812017]
[0.2211210353836579, 2.265532186896066, -0.45304709961432665, 0.032762497373280366]
[1.7923781782118078, 2.1933963028169825, -0.453303419737855, 0.032942603470448355]
[0.6351750597321204, 2.468028473877648, -0.448797287404955, 0.03067581998598211]
[0.7117758813800794, 2.5153276616593314, -0.47883042337245924, 0.03340536980932034]
[1.8534034613058563, 2.123293674812524, -0.4578702138308447, 0.033084335426144806]
[2.536695788512884, 1.8013583511941, -0.4142982425973465, 0.03146128472630563]
[1.2848300762497185, 2.014255788798775, -0.3868818569955397, 0.02772504516883664]
[1.101891838243609, 2.1777707722776207, -0.4454598041096493, 0.033148764728172894]
[1.4583824556558245, 2.1569633441106104, -0.4071210384132458, 0.02828044608903461]
[0.4238925052084337, 2.553359102130341, -0.47418559326280146, 0.03303852800726892]
[0.35158104267637835, 2.5487438482751914, -0.46562763226721354, 0.031615451660953926]
[2.214929851507426, 2.2510682743067036, -0.47510615165886744, 0.03375308089298419]
[1.6244483248608899, 2.1856884344742564, -0.42343825008520913, 0.029536784821102113]
[1.575267501407657, 2.211466120995827, -0.48340677704987384, 0.03473607986100412]
[0.8766958261052813, 2.432899796454505, -0.41881246679772977, 0.02703629167982224]
[1.4176936561925162, 2.2146168542113314, -0.44783139584983234, 0.031267145531970075]
[0.9461592296353301, 2.482252929844116, -0.4469101997479731, 0.02918466230909728]
[1.2552646852831972, 2.025193789327567, -0.428476625078293, 0.03192055384226359]
[0.658064562375805, 2.3429166698885044, -0.4184917273711393, 0.028444396659553197]
[1.2472030732906734, 2.14316458917873, -0.39936800803793476, 0.0276148072278721]
[1.2522971349585799, 2.290087062838161, -0.47174413093698225, 0.03353854248337632]
[1.4014278418443729, 2.1906139780239937, -0.46596013800820746, 0.03477274629787283]
[1.317050926698378, 2.269557648769593, -0.43427029350097135, 0.030578004127065003]
[1.7463130677060565, 2.2466451113411323, -0.452532788080027, 0.03196998217615286]
[0.37473646168434493, 2.5016744744867565, -0.43027266319373764, 0.028642570482809375]
[-0.4610809369078739, 2.52183954088121, -0.428296788612259, 0.029518695180819326]
[2.775728218119848, 1.850991373553867, -0.44318262645977896, 0.03427967821934201]
[0.12403423610543562, 2.5339471957837425, -0.4397467469608949, 0.02835274870513969]
[0.7780547599173282, 2.4679192743364644, -0.48058536777394223, 0.03316055219736438]
[0.27498381894600143, 2.2778108435819577, -0.41875046563387597, 0.029537582481722086]
[1.9902594044676225, 1.9933781293028434, -0.43034965109855555, 0.032258458218634815]
[2.2126231082518726, 1.938863010884141, -0.4469206202723458, 0.033642016364897026]
[1.0438928916599757, 2.025653233329976, -0.40700897438969896, 0.029982860033168978]
[1.5614701395066848, 1.946545970779954, -0.4008815209824334, 0.030508412460583507]
[1.9641756393528116, 2.2988765947879855, -0.45529979669273263, 0.03131700427937246]
[0.9860014217591724, 2.499709578365576, -0.4705299545475261, 0.03270219401512529]
[0.15327020160704397, 2.6840530477324536, -0.4475080282084842, 0.027912611769941035]
[0.5073254773569418, 2.4579809715538903, -0.4302010684722726, 0.028080532548686504]
[1.6193515379126109, 1.9350647748997152, -0.3933532632508562, 0.0297126399353722]
[1.0038853209835708, 2.443237924858189, -0.45963743445180805, 0.03118639059009994]
[1.8781119807915405, 1.84838334997348, -0.3938056795518211, 0.030351227499031654]
[0.45971534826219784, 2.6290334606022254, -0.47757518457370546, 0.03130313548217107]
[0.41428653104624313, 2.3387489625268323, -0.45306948405955116, 0.032774658909522476]
[0.11882143796101818, 2.280657724372613, -0.3921604924316845, 0.027247244867922807]
[-0.04167499658568996, 2.724857193674362, -0.4505835065096383, 0.029368625405122955]
[1.8115163954658668, 1.9375584498006297, -0.41137316565079063, 0.031999058497900516]
[1.8725507923759905, 2.2107514823895826, -0.4753086754310744, 0.03327903188680646]
[2.1929078196902863, 1.87980258460439, -0.43441692596954573, 0.03368097441057398]
[1.8477831254083505, 1.9546161725616455, -0.40914780505566745, 0.03053926073910183]
[1.053530789388391, 2.360288610715471, -0.41081652723144324, 0.027130659248481542]
[0.9394301879332541, 2.354817655780194, -0.4439931760381638, 0.030904318562439966]
[0.6969387020430355, 2.3281703362976485, -0.39354296707627634, 0.02652731694073286]
[0.9490476598159883, 2.303556420356381, -0.4360971607178801, 0.0306330096779906]
[-0.3576259382085176, 2.7488433603499707, -0.4685605059118314, 0.02996804826985315]
[0.7626416584520324, 2.3049950656517835, -0.43190140839236524, 0.029939429616346994]
[2.16062465166629, 2.080967877101659, -0.4437319694927954, 0.03237851237695748]
[0.25123583802407357, 2.39578792152954, -0.41686406974074297, 0.02843487640363499]
[1.6291079636717956, 2.1612210263125062, -0.434149248851656, 0.030923808558668626]
[1.096228976298673, 2.080278514833881, -0.4207839488437757, 0.03109875677641724]
[1.7575037475371564, 1.8644519514146034, -0.41216741228383735, 0.030887297257815704]
[1.1372603047880405, 2.3171743169121486, -0.4386580686664475, 0.029953918801343234]
[0.5803217719821836, 2.3315513934094234, -0.39050530482681245, 0.0255960123519183]
[1.0861546438651022, 2.260393350148437, -0.42656088233542344, 0.029683292659870568]
[0.20181744810973656, 2.3845463631218085, -0.4260329486283967, 0.029817499744081575]
[-0.3911034021669688, 2.662155659679688, -0.43636575695435414, 0.02715620401878266]
[1.073575723687632, 2.461349765970874, -0.4799223094180695, 0.03358433012240025]
[2.386788340423823, 1.8112774858898022, -0.4319619691855268, 0.03372850477067625]
[0.5009211923542227, 2.423976276706009, -0.43942620764508145, 0.02995888051054227]
[-0.04722116565603107, 2.594908418240005, -0.43824558287603194, 0.028697413066943383]
[2.4364184943223335, 1.9580007978363771, -0.4621773323103656, 0.03541530861178929]
[1.2010220648670518, 2.212548572714363, -0.441901219845731, 0.031187617440877977]
[0.7571242520223969, 2.428007611638272, -0.4726350128130168, 0.03306772362094663]
[0.7896777405743647, 2.360916582605906, -0.4098846540754989, 0.02716290807882485]
[0.29412969119325805, 2.446394186290471, -0.45926652138587093, 0.031924236602957276]
[1.1309894473717628, 2.5409205238587464, -0.454640773304245, 0.029448453555853946]
[0.49202478968021524, 2.655075871569557, -0.4854859263752829, 0.03279600527397606]
[2.6868792672137194, 1.7942700105059108, -0.44988992780926634, 0.034853059179937924]
[0.7338777877627978, 2.3454534101340876, -0.44597668654298495, 0.03132388457330885]
[1.1852643990372491, 2.165013188535404, -0.4313921389353286, 0.03128429257576458]
[0.6965538107821909, 2.6340362253161738, -0.48137845478972624, 0.03167659644889486]
[-0.8540288581279918, 2.6105994963666204, -0.4271793452452228, 0.02865269794832158]
[0.6019910785541871, 2.514118060018774, -0.47900056450728085, 0.032680271786982865]
[1.4645511737324326, 2.0740729503824866, -0.4242116692419883, 0.0305990923546891]
[0.26533951769399033, 2.4774509492203225, -0.48406397453870537, 0.03497351772203337]
[-0.09816050291955936, 2.6602351459798435, -0.4689891410136367, 0.03153594934320031]
[2.2824825140789646, 1.9093603893140998, -0.4296273456020455, 0.031930171114637786]
[0.7986360074583323, 2.4219544407272386, -0.48318537571543907, 0.034104795400709695]
[0.8382738097997215, 2.4777095179872277, -0.44637363841518757, 0.029723197215289217]
[2.0523140912326236, 1.9909783180859684, -0.46200278330988453, 0.035060056197553695]
[1.4961991107065082, 1.969631700009126, -0.3885708806780326, 0.02779945085082184]
[-0.004629885832760028, 2.27892637152493, -0.3938548311374393, 0.027551730401642757]
[1.594807078634355, 2.1358239017033855, -0.4351802338046613, 0.032027748412915204]
[1.1039647288873713, 2.3229279411782837, -0.4263485137291774, 0.029071199645354245]
[0.911054686189738, 2.323219907988042, -0.43998440041866105, 0.030672687772244158]
[0.9806197468829891, 2.4581294925933204, -0.4663894579878197, 0.03142689147060178]
[0.2235971126560723, 2.3941530016638426, -0.40932432889678455, 0.0267970751832405]
[0.10709665497815646, 2.749411204515455, -0.4617114692186976, 0.029407266879678966]
[0.9119157813461842, 2.208833571446842, -0.4269294692991804, 0.03075741807262939]
[0.580667704865736, 2.3609576693510363, -0.422113425413878, 0.028799296531945844]
[2.3487263840357833, 2.065284185945783, -0.47567024346417325, 0.03535866512205031]
[2.533442098227556, 2.153101128769486, -0.4480277688787748, 0.0308759320521523]
[1.388751676988253, 2.2703033056221864, -0.4730851037816231, 0.03441423550905136]
[0.3373247845376812, 2.7709528324203307, -0.48063106783826964, 0.029821102209307664]
[0.866448968699129, 2.279431677263263, -0.4062259337622875, 0.026725730953484943]
[1.324508721578734, 1.9504231302121107, -0.39421287681555034, 0.02968493749094313]
[0.428435539997301, 2.0566653931806607, -0.4037882055162557, 0.029852166844179552]
[-0.08148481111323891, 2.7265068891144093, -0.46695213237323163, 0.029953626410482746]
[1.597320068810201, 2.1829488909715695, -0.4219757414195143, 0.02967145246728178]
[1.4728322113445946, 2.2194530033963313, -0.4299245115946319, 0.030564549331949416]
[1.387719167144891, 1.899935438131033, -0.4157611606821907, 0.03180712071622181]
[1.5148447802623655, 1.916645945845632, -0.40247480853021156, 0.030044725948889305]
[2.9361362036503342, 1.890389984492228, -0.4588972612140685, 0.03511876534078256]
[0.14011011911888538, 2.684600044799135, -0.4666392708200071, 0.03052747422866412]
[-0.28226162564729007, 2.3372665412984186, -0.39634602397421803, 0.02767763371916461]
[0.8478606809415972, 2.4754868759597013, -0.4411823343923335, 0.02896359858166099]
[2.2910123674534977, 2.141245885602076, -0.46097417894450987, 0.03332064742750293]
[1.276666500481178, 2.0286393832663503, -0.3980304180319255, 0.028188571019205008]
[0.9248724762839831, 2.3471570310972054, -0.4047105186113537, 0.02595981646351116]
[1.7817159761669497, 2.160624030371552, -0.45918659636947623, 0.03372240528223164]
[1.3934642225399463, 2.2409405688167636, -0.40746945888276664, 0.027403958473090698]
[-0.07196304680063603, 2.496087687182343, -0.4672688199480606, 0.032609390082202615]
[2.0154435926618666, 1.9078758593112424, -0.43451954565362677, 0.0324950208136695]
[1.5787434101851159, 2.315502789380548, -0.48212711902504574, 0.034455176868445514]
[1.2748133609646275, 2.320071237959786, -0.4858484210937644, 0.035369999489275404]
[0.9355748237410793, 2.3876094599401476, -0.41987582973575377, 0.02691134504662126]
[1.777560201461565, 2.286630242051288, -0.48222380290133987, 0.033785420278078904]
[1.6233334242956206, 2.163011251230545, -0.3982383761262489, 0.026642471911935462]
[1.2649015279691955, 2.2860932019503672, -0.43747696924868784, 0.030338533289632864]
[0.9272964218821356, 2.2002392737280063, -0.39254598670663887, 0.026862054927220946]
[-0.20117855952791075, 2.3729624671039424, -0.4117669310756882, 0.029377942688880488]
[-0.1047276492568554, 2.6537040350976393, -0.468000791564894, 0.031471218913037086]
[-0.38442210510491615, 2.575395458798212, -0.41444489321630307, 0.026075336642694822]
[1.3197792808793416, 2.0949006706335656, -0.3890030707100769, 0.027071894642742355]
[0.878220858993747, 2.425138859906062, -0.47061235606457763, 0.032995083003004036]
[1.243186185279749, 2.1058005536677316, -0.466336230603861, 0.03539107189156685]
[0.25594061596059037, 2.745345484532539, -0.47758091958821175, 0.03104818393716845]
[-0.7111789715245318, 2.4851427838662663, -0.3953295984629609, 0.02604903113228357]
[-0.482667754061362, 2.5998327354440485, -0.4407635159571087, 0.02896007734253179]
[1.4142212148978137, 2.1680450697601303, -0.41454721539855266, 0.028479513785005017]
[0.6362719770026168, 2.3152963347458124, -0.48067221961987405, 0.03462189858963099]
[-0.38423112318828334, 2.7698546335399454, -0.4801332683474908, 0.03136082703565284]
[1.6788558208514588, 1.9699347761067427, -0.42604940002191116, 0.03173305121852267]
[1.2334950767545676, 2.0811364881240952, -0.38872203727694427, 0.027303360857215773]
[0.2827611389365319, 2.611692376481562, -0.43691999262837805, 0.02765248237902047]
[0.12249395069866775, 2.472800451437383, -0.4641322111853566, 0.03330174459871467]
[1.4738498134086404, 2.048618175081463, -0.4174053004152146, 0.03021991737319573]
[-0.10183660620504931, 2.3354589838932127, -0.4549141962303208, 0.0336427676359264]
[0.5338077994703534, 2.235845325801921, -0.4012675322857001, 0.028030013746522545]
[-0.007584351233553388, 2.524474323666258, -0.429350088588754, 0.027570047064394386]
[2.153477212618128, 1.94467145967945, -0.4077797076069296, 0.029741881988177666]
[1.7438260646719201, 2.114388153545263, -0.45096190724142216, 0.03262786428902708]
[-0.005756500946189735, 2.650021154155102, -0.47549823918493184, 0.031096475786535918]
[0.9590172646891735, 2.33702251328631, -0.47405579008083704, 0.033610875940561974]
[1.2435127548049763, 2.1044736572406526, -0.40715328084035174, 0.028724478053454308]
[1.5558621835469788, 2.2125117865595145, -0.41647254582320375, 0.028414991110250264]
[1.8485017125277317, 2.260754478095831, -0.45451904594859266, 0.032036843304979724]
[1.9150968129243227, 2.2414296294449176, -0.47946923513282935, 0.03373875439985027]
[1.7374345462771768, 1.9701802674572173, -0.42383725504002234, 0.03155156124501519]
[0.23491514311862716, 2.6035941170541683, -0.43787681830751285, 0.027846053495133482]
[1.5562442493664275, 2.191751297989872, -0.45787247844541623, 0.03404562390624408]
[1.4636488458841934, 2.0348131598714576, -0.40742365465823666, 0.029447472896902735]
[0.8998246738471845, 2.149409729891781, -0.40743301516052877, 0.02964652060403172]
[0.7799094663607979, 2.2180863019220496, -0.44606083158491844, 0.03154456194875724]
[0.3170058330395391, 2.6317430004868125, -0.48534292006202706, 0.03247084709811961]
[2.220561136090324, 1.8137764489610317, -0.41747821965809534, 0.03284652114483565]
[0.5623880108235717, 2.4638367214465537, -0.45286945913131993, 0.03131680060556276]
[0.8402673489916879, 2.3243317861350867, -0.4451441621330814, 0.030811573896640417]
[-0.34392572263978183, 2.4864861962935665, -0.40613809091995545, 0.02686018385326951]
[0.2702967181655458, 2.4702009343684423, -0.4738945196006836, 0.03302059043339904]
[1.511539431199938, 2.2658351348024364, -0.47085529581501323, 0.033749091123598265]
[0.6353672053898709, 2.3974645361125706, -0.4090947716123606, 0.026171705626663537]
[0.5126756286957241, 2.1600525740460252, -0.3932032157642189, 0.027868784779346928]
[0.6123878254214707, 2.5126531292058405, -0.4569302113048732, 0.030899700167445573]
[1.2394060440476613, 2.332536051178414, -0.47537781640676313, 0.03464904397106079]
[0.6530291796846917, 2.7140627092902343, -0.4251180658546731, 0.025805955073541654]
[1.3587492455207486, 2.3912132740307728, -0.45457621858539055, 0.030444315689269575]
[1.8807932434265093, 2.0453916660469105, -0.39965092183837925, 0.02776346284803581]
[0.8827638984754804, 2.435532365394848, -0.4624282615929169, 0.03186669112950495]
[0.5235468566527754, 2.513072038143113, -0.4713835103302226, 0.03202706295998926]
[1.6478360255273423, 2.1001388829423404, -0.4007737830779059, 0.027597284619201367]
[1.0483864391549869, 2.304837690036999, -0.4478840431980553, 0.03097580517286547]
[1.9977298317912249, 1.94350825264774, -0.39035769493065486, 0.027932646538572605]
[1.6031615731379372, 2.2206538568566407, -0.4490344763557377, 0.032315841138318896]
[0.6166040343687373, 2.2992508009127994, -0.3937599092299843, 0.02602094536636225]
[1.696926127443105, 2.248430319400105, -0.42772069151339503, 0.029727708107811245]
[0.7421331709642485, 2.3149701996906114, -0.4017057770258786, 0.026577398602686687]
[0.6121722825853602, 2.48158261961275, -0.418310909720772, 0.027113489430230706]
[2.0179559488277077, 1.9387226578448975, -0.4228467289278641, 0.03214496625161094]
[2.0448943944912212, 2.115427433876614, -0.46644657092558134, 0.034142137766683525]
[0.3410156480770157, 2.306332886128928, -0.42412344104779887, 0.030052071744411494]
[1.7400697807583705, 2.096975903084937, -0.41689919454842705, 0.029693881051313327]
[1.368636071898338, 2.2912798623456325, -0.473819509115195, 0.0345919100504183]
[1.3200383422264057, 2.169700620284915, -0.4024592274745602, 0.027515544255381406]
[1.4304644161847548, 1.9090160620546943, -0.40092531097969125, 0.031086453742191197]
[1.7047335347415453, 2.196243526593201, -0.42301406491626453, 0.028972057668290037]
[1.826336317701113, 2.1695087790430305, -0.4463815899959709, 0.03177790408116511]
[0.8928450399286807, 2.3005237427869467, -0.4319680373971032, 0.030473059785329562]
[0.6196358186814561, 2.4445855252224282, -0.46152685161717777, 0.031732842853935496]
[0.8238081972309552, 2.192232657305209, -0.39048638937534563, 0.026681097549165558]
[0.6603642829372185, 2.394546422527556, -0.4145398038593109, 0.027232712305561103]
[1.4801668302365827, 2.3562037937771736, -0.46263381829959677, 0.031610784149803076]
[0.9843394474143423, 2.3728746154827522, -0.4567560785632004, 0.03249117284063202]
[2.1688716084435584, 1.816133789932934, -0.4022672086717416, 0.03088491166536903]
[1.4198376580110108, 2.2935047959339783, -0.4523384486479069, 0.032184071597833555]
[-0.1048445460665266, 2.6024017765289402, -0.4736630207634017, 0.03176447884977669]
[0.9137765234155983, 2.4418061238144295, -0.43227453442350605, 0.027677425655815057]
[2.3242960903098924, 1.8426029588423085, -0.42071587525630333, 0.03190766415485262]
[1.9266356103456794, 1.9860705681961228, -0.44184264771965925, 0.0347207519578979]
[1.44164095509384, 2.13095114619287, -0.4018316021922708, 0.026810492025056244]
[1.5532493696099836, 2.292831473913566, -0.4448216349135685, 0.03077705266613811]
[0.8261012672299572, 2.398305318558318, -0.4502308795361332, 0.030240322177700146]
[2.4162302523273076, 1.92625490305465, -0.41453810301343047, 0.030607971277917388]
[1.9556862400276187, 1.9820153521364552, -0.39763797968664427, 0.029129631605614235]
[0.6957310815395621, 2.309662145701836, -0.4146237932602749, 0.028356980382416984]
[1.5302045618292155, 2.078266901652272, -0.4343138046934655, 0.03174355110360183]
[2.520874507177865, 1.8267211959066723, -0.4233604502689846, 0.03256981483968505]
[0.17745611900682157, 2.581787870407135, -0.4428572007295454, 0.028891731125124737]
[1.8080190611603442, 1.9409395176911262, -0.4000810476764705, 0.02993954825437097]
[0.6207161618266808, 2.4892475757981396, -0.4600822974774322, 0.031017384847630704]
[1.766103003045028, 2.0776835701999072, -0.4310483412709434, 0.031355298627406325]
[1.8642155671519718, 1.8237006395963786, -0.41173724612115925, 0.03200026714124997]
[0.8133176015954424, 2.529132906071161, -0.4605677301498876, 0.029889341741994507]
[0.43554753315983064, 2.453203333345721, -0.41580728542237044, 0.026334208027878798]
[1.486563883670705, 1.9597036703551098, -0.39835658130320745, 0.030034369057659677]
[0.7092433695662455, 2.3270859256386096, -0.4680521040659295, 0.03368864800394086]
[1.5186391537920851, 2.1619103029331983, -0.4478703198257673, 0.03274038873179257]
[2.3522068921716084, 2.086092053286694, -0.4542577285753877, 0.033374487191857226]
[0.10074443183332926, 2.5988402200831042, -0.4542767195586892, 0.029904747859822764]
[1.9127351635650376, 1.8398153028355495, -0.40188994121044425, 0.031455649958757416]
[1.2194233876353078, 2.218334528033582, -0.39156772286289343, 0.026145350630239293]
[0.6801026512752508, 2.4236346087284124, -0.4405460508354048, 0.029839340803322633]
[0.5386889682764706, 2.7270224756134014, -0.47467232196589937, 0.030400468064164604]
[-0.14491835366300032, 2.420754065685685, -0.41633552277325825, 0.0283093474854188]
[2.321349251342015, 2.0198646409558676, -0.43704293134961225, 0.032129595845221334]
[0.6318218368201478, 2.3771905818863166, -0.4323082451605509, 0.029457203196327837]
[0.72020040157317, 2.298614452876372, -0.4555843600228964, 0.032232276328796834]
[0.7413688410839798, 2.425703441519126, -0.4351165667400096, 0.029149858494041767]
[1.9949478441129225, 1.8031545976151788, -0.40576342337027277, 0.03198955966230295]
[1.4838373062244052, 2.0373169472338835, -0.41467658215558956, 0.030782827114047406]
[0.5477048699092824, 2.4852444956560507, -0.47370888022209123, 0.03287063798057061]
[0.9227058018119485, 2.160326866841853, -0.39405518306527765, 0.02717822520157806]
[0.3791519133004586, 2.3845412648008564, -0.4382807164045434, 0.030763162087919814]
[0.8553457172737504, 2.2044264351878233, -0.4265965861197354, 0.030760363348068726]
[1.2229101909311377, 2.343809559681391, -0.4229899302981132, 0.028001305389148634]
[1.6047751822173222, 2.1914714678698206, -0.41693631780053736, 0.028642129562505912]
[2.0013705755069613, 2.160067682895547, -0.4666659104941874, 0.0339516373650233]
[1.2079345799146104, 2.2215420999147764, -0.43952344855314435, 0.031114652868809635]
[0.2113338648184082, 2.5161751623084077, -0.4441933044407568, 0.029929854743166694]
[0.47166791913183204, 2.6807303609988034, -0.4835622210900446, 0.03172260514846762]
[1.3611683150816756, 2.0110239463345314, -0.41224183801714126, 0.03075399649215807]
[1.6865288257383488, 2.0698051538570494, -0.4417659059878131, 0.03248872800011529]
[0.6644720593938169, 2.375702140070135, -0.44674150522103184, 0.03145620783504864]
[0.8229512471967384, 2.3978007432671995, -0.4401942909455844, 0.029840223622176077]
[0.9743735239074147, 2.1963570473559564, -0.45030760832472005, 0.03320053576578798]
[1.5932798584049728, 2.1968684872009603, -0.45753005516884787, 0.03386223217853775]
[1.1272526499335709, 2.4152727547439024, -0.46728249509939823, 0.032169201523678366]
[0.3865559038737043, 2.2597095151050253, -0.39600386595303677, 0.02692926180151071]
[1.5853967247366865, 2.0379162983428887, -0.41427121391290433, 0.029332874637021212]
[0.6534487210068249, 2.3473619628802695, -0.4199552964709359, 0.028121801930876558]
[-0.6972257293747135, 2.5286396982285964, -0.45347713357337976, 0.031677096512508]
[1.6018515868998877, 2.079727624170896, -0.3956429264736573, 0.027500320012800956]
[1.259220210534667, 2.3757086528707925, -0.44896418921221515, 0.03124918883301654]
[2.1249482325825357, 1.98678265342946, -0.41982961426441184, 0.031350344063333146]
[0.7632699611330538, 2.3881308962239203, -0.4534773671325889, 0.03148785720769083]
[1.4800764020180641, 2.2161058287096047, -0.4682610206105874, 0.03500060901562777]
[0.1371197427801838, 2.3887620053001006, -0.4192442863360458, 0.028937534842552428]
[0.4336473645178076, 2.580403486535145, -0.45411613815075175, 0.02917083909230326]
[0.4472153741018916, 2.3847635472647055, -0.4357050308737552, 0.030105633958456772]
[0.8619087874939093, 2.252010382981785, -0.3995756859390337, 0.026654569050950115]
[1.5720742637674396, 2.233479470297051, -0.4747284050637527, 0.034171211716312065]
[-0.4388277022217766, 2.3682675471944994, -0.41615969143906595, 0.029342111184459146]
[1.0845672132850632, 2.365267439618438, -0.4832098633186578, 0.03397010091146821]
[2.668272983995754, 1.85698322967045, -0.4284243304627465, 0.031946857192846706]
[1.1619784442726862, 2.4979522846810758, -0.4664723873700704, 0.0313761335937773]
[0.5947117657164753, 2.346948326276906, -0.4042716537360002, 0.02670765183560723]
[1.2933936183492025, 2.250086187881642, -0.42773358033385384, 0.029814472803918492]
[0.8497117587435423, 2.297037202446326, -0.42186395648743447, 0.028951876657698532]
[2.0572204133467102, 2.1066988454436673, -0.45981772871599247, 0.03416080077460958]
[0.0694572677426768, 2.595028606156637, -0.4763673949696097, 0.03255305544635835]
[1.494699825850649, 2.2776696390587565, -0.4784932989726464, 0.03491046247142322]
[0.10066400015108368, 2.496608576588251, -0.4446704470384586, 0.02993512237949327]
[2.5402172324520964, 1.8931548995206433, -0.444538219984238, 0.03252029516304376]
[2.3949195135828902, 1.9192628143251391, -0.40857867633940514, 0.03083244738530067]
[2.100155311876464, 2.052873770533819, -0.4335183839558347, 0.03101229163591363]
[0.2730456389458027, 2.673527912970459, -0.4689520297380305, 0.030516660070459313]
[1.3707286233571137, 2.2928647385230176, -0.4630394592764807, 0.032210344039217825]
[0.6086875875119944, 2.4727991994601064, -0.46096294503830376, 0.031039572507126273]
[0.6220226494060834, 2.211227372733095, -0.4017713975211479, 0.02843934522468581]
[0.37520575422455194, 2.6689293331714516, -0.48520430363236255, 0.03221794740411457]
[2.0459875384565254, 2.0112863004205765, -0.438539051308877, 0.03364442813736972]
[0.599030681809078, 2.1969744996798686, -0.3951560725071003, 0.027579464701278932]
[0.3619731051856605, 2.205021817830721, -0.389519828987551, 0.026994433078231846]
[0.29322460303641007, 2.57763674642535, -0.4639029386123628, 0.029834205095264032]
[1.2339148515251894, 2.1641207922861625, -0.4440805486187377, 0.03240618455276579]
[0.12804459667538248, 2.632187084337625, -0.456113724770608, 0.030015569311813473]
[1.3198786677355074, 1.8466016121418467, -0.38900175845817037, 0.030446901332752907]
[0.6863057627460569, 2.666276269894955, -0.48598035107664495, 0.03213408063967557]
[1.1565314324853437, 2.0343029847885603, -0.4087368122681113, 0.029891395706844914]
[0.08558551641962753, 2.6198759838362466, -0.47808247053284664, 0.032477014151289514]
[0.20744981562590725, 2.7339103865779277, -0.47091234813294114, 0.030222990964857043]
[0.790576230333484, 2.431100661019676, -0.4329998198234976, 0.02850616932854763]
[0.46218681908352677, 2.359234086390223, -0.44348748843842456, 0.03104697215126396]
[0.8898254889424231, 2.46067332113629, -0.4730352877281907, 0.03215436563909059]
[1.880189619571571, 2.08701098551808, -0.40905574952542056, 0.029070677097911706]
[0.32148679883171427, 2.4473860892712866, -0.413962145544839, 0.02749596248176589]
[2.3800270177666816, 2.1489172534239103, -0.44482487839083334, 0.031064411084959456]
[1.14238048577432, 2.0656419924212166, -0.3877916868216672, 0.02741588594940357]
[0.6353095620114027, 2.3676377680216634, -0.4453762964192821, 0.031206672916625454]
[1.7059964494571354, 2.06196050607405, -0.4609618310842947, 0.035298206942478386]
[1.5743398051533934, 2.0393149558088277, -0.38776334142277746, 0.027827596931229638]
[0.15439914589491233, 2.5803837945000283, -0.4420927256072521, 0.028748139131936336]
[2.505316865579111, 1.933923108222078, -0.4083985135449237, 0.030069889036778097]
[1.865514253241364, 1.9265578947197177, -0.42776339258906504, 0.03254788590550624]
[0.4179968837573722, 2.481400338438047, -0.45654366177520034, 0.030750987224570585]
[2.1930285784532835, 2.0237841345461174, -0.4496193670562846, 0.03391048846159504]
[0.9608936681850175, 2.0902417967134825, -0.41646683794367095, 0.030823010135877578]
[-0.053929268829911337, 2.721281612081061, -0.45333160109609577, 0.028846595646051847]
[1.5570378572131958, 2.246397161652914, -0.47447525786832323, 0.03423153447238289]
[-0.2580007135614304, 2.614515009970011, -0.4854420025850404, 0.03223143403098335]
[0.3660237230524306, 2.4496124338884817, -0.4023103610540241, 0.026827185808432203]
[2.0696796658501833, 1.9083571962213242, -0.4302985056112085, 0.03293795464780533]
[0.1754690851269909, 2.606306270605093, -0.46879202894713884, 0.030941923131641794]
[1.1609375939102562, 2.2208176560848645, -0.430025928762192, 0.030917573325870147]
[1.6669951096078268, 1.968044402626643, -0.42904792464001545, 0.03259509914275084]
[1.3512958413649465, 1.9589151942529153, -0.4123122689302015, 0.03151752446251369]
[1.0361237267261751, 2.4120645118498607, -0.4606189213997457, 0.03179770460078432]
[2.3945995770389223, 1.9279730891199394, -0.4454947415428886, 0.033564736185693604]
[1.8986453476251248, 1.9845503343160962, -0.45051851783595176, 0.03397333666595551]
[1.9690600390668669, 2.292189359798333, -0.4780313537622351, 0.033573025516304845]
[0.6137699551261142, 2.5848678355154235, -0.4363198566269835, 0.027371665484521916]
[1.4461276189086854, 2.330628501201709, -0.42471928938287223, 0.027751760104560007]
[1.416342097506167, 2.2374429015547594, -0.42334496481410866, 0.028667978127165355]
[0.33260771195794314, 2.6245100041718943, -0.4404259870415945, 0.028961700777319133]
[1.3623300135556398, 2.0492643036258444, -0.4048715951067358, 0.029495942341142566]
[1.0042957837217226, 2.334793644057853, -0.4735541323973745, 0.03452143443654538]
[-0.2834711059094066, 2.6262090125361226, -0.43655993728458986, 0.027786872603651838]
[1.547697271881857, 2.3802908851545603, -0.4614185564590473, 0.03142676740479257]
[1.0653932246428162, 2.2357543010968115, -0.41255747471212023, 0.02848672711434312]
[1.4523120505297236, 2.1431209321286677, -0.41669914519537593, 0.029281078690348544]
[2.2691685990012194, 1.9917767200024992, -0.4247559655280891, 0.03162394506923809]
[0.11722177561601832, 2.546510900285366, -0.4397217486106649, 0.03002441722983666]
[-0.4313022167282048, 2.6827303077269278, -0.4708410048046601, 0.03185861732183918]
[0.6618267559840416, 2.2880975188929535, -0.41936671369495937, 0.02954471342300888]
[0.11023370261650367, 2.4662424521175463, -0.4504898705628199, 0.030298973696131565]
[2.0288041677703172, 2.142236242307556, -0.4530964242446522, 0.032036886031601375]
[0.5941392167749817, 2.446933138362554, -0.44089899230532525, 0.029534543563922017]
[0.7260173748021757, 2.597465860786926, -0.44719354136479356, 0.02862598127261668]
[0.9024100514057087, 2.4580580616813124, -0.4688296891160932, 0.03229055709232038]
[-0.2719393268211512, 2.4897804319430445, -0.44078750406455913, 0.029828366369129077]
[1.7791697905319377, 2.0466884241526304, -0.39866579518772083, 0.027728609440641004]
[2.271562735417693, 1.8632646297911606, -0.3896619026853723, 0.029309637840176046]
[0.8117057558893235, 2.1650391073063173, -0.4477674988629722, 0.03324830328060037]
[0.45445044059313666, 2.458135231553027, -0.47323887963241157, 0.033244769022987126]
[1.285746864171291, 2.2050465143575515, -0.4742063187084981, 0.03503869171626254]
[0.7268477873857324, 2.408783846967704, -0.4527614138406006, 0.03122238970469224]
[0.6888978725157058, 2.3124874182063664, -0.427531861393254, 0.02914858760919054]
[1.8503776813981152, 1.8115211194919687, -0.408476327172525, 0.03187081690032685]
[0.5651904777683807, 2.4148551995074143, -0.42700759074519157, 0.028294769514616652]
[0.662399590076471, 2.51346439975142, -0.43243559984251667, 0.028457579574823314]
[0.8230787309559568, 2.531635490942132, -0.4827566345088879, 0.03233696855234835]
[2.0219036811681357, 2.164448146054223, -0.4859770605318316, 0.035461849002472776]
[1.895015273244066, 1.8977139610540061, -0.4351623805789487, 0.0337231020101134]
[1.575009487571276, 1.8833135368844642, -0.39284456388365846, 0.029848959552407205]
[-0.005370424626316428, 2.3723401707456007, -0.39709905944784946, 0.026645805591650605]
[0.13481829254381905, 2.294261514362594, -0.4100124787780673, 0.028462400136468616]
[2.49218568883163, 1.906006305775279, -0.4087270734631653, 0.0307996813950822]
[1.8947934479219128, 2.1608665677481285, -0.43053749325105, 0.03019597959664832]
[2.62861041100463, 1.8172620361990677, -0.40211267982891996, 0.029998411870643636]
[1.5192600037859738, 2.0225604619884203, -0.418116930306826, 0.031216426914521495]
[1.926013359724902, 2.205785793580368, -0.4683233422922059, 0.03504305216792793]
[0.6734712173717554, 2.480406609292473, -0.43303925659680176, 0.028100405196902916]
[0.7429737504299045, 2.2808863123243146, -0.41759285458184964, 0.028656679326585614]
[1.7270594003318238, 1.947544796909969, -0.4085850061615101, 0.03021672949442234]
[-0.3707400393388611, 2.553036113840328, -0.4141078192287136, 0.026141295006761076]
[1.8467566549704375, 1.8656265697455907, -0.4094462510637778, 0.03224150516591386]
[1.2188396384265352, 2.2120160460818457, -0.4672108742417139, 0.03437733917299905]
[0.29252388818034136, 2.3068000150170116, -0.3900068063911006, 0.02670245958504242]
[1.4416504888780959, 2.3447802639291933, -0.46842732341045057, 0.031798439298760126]
[-0.20602461012363538, 2.6919501674930464, -0.4551348041105268, 0.02896582443470188]
[1.517498861030531, 2.3101756050668913, -0.45207417026855107, 0.03199992644743746]
[1.660929232705624, 2.089377554233034, -0.41645910355378774, 0.03007553837795039]
[1.8495747144463648, 2.138061098243951, -0.4305234980736474, 0.030350267904684317]
[1.8771038337634867, 1.8938175640446766, -0.39942045490359307, 0.030526189909743092]
[1.1544625391999697, 2.1119614577806707, -0.4257341047940237, 0.031179405515803543]
[0.6873009674215482, 2.406305462132582, -0.4216988717094134, 0.02761141730093672]
[2.471751880763224, 1.9332023867631025, -0.43758342950917467, 0.03215316747600443]
[-0.3750737893317533, 2.7340812944293655, -0.45693176576187744, 0.02899678362288998]
[0.6367746486314605, 2.5397134798083343, -0.4601133438248295, 0.03072934802852808]
[1.2878449588703647, 2.2206852005759017, -0.47686117690822494, 0.03503490140985953]
[1.489380022280888, 2.301494531021012, -0.4868165789919988, 0.03529818870065275]
[0.9422785479953384, 2.2860231685381893, -0.43096108174110415, 0.030319007481570865]
[1.4432283847904879, 1.9786996174703515, -0.3956990511357993, 0.029385537026004827]
[0.2638002967863029, 2.2622333753424324, -0.45544011525593003, 0.03331119194731697]
[0.18862694424833082, 2.5575184084045053, -0.46863295510412395, 0.03174397460367316]
[-0.1620771131573937, 2.7203620025584048, -0.437601691995528, 0.02681944343250199]
[0.6904417561192897, 2.2738186998518444, -0.41481249625410915, 0.028702436043264463]
[0.9052746553213264, 2.509202016752009, -0.4790493075831043, 0.03147633970653856]
[0.8243583217317023, 2.1833663781774684, -0.3883026081435289, 0.027181274153795548]
[1.4370043955378353, 2.115567844355354, -0.42534158858028753, 0.031148838251940862]
[-0.12413732077851236, 2.5033023925362063, -0.3976676585483408, 0.025969776680478514]
[0.8082078464305003, 2.222080576913153, -0.40415881103755563, 0.027951315644039253]
[2.273511316029728, 2.0530134066427026, -0.4377485624552201, 0.031444982961255814]
[1.2776031117396118, 2.2014242550247194, -0.44988028945475095, 0.03269483909304505]
[1.7651358879294183, 2.1344233106818855, -0.4040083873646581, 0.028083950050375298]
[0.0266676329542217, 2.284118357277649, -0.38711513206730586, 0.02678966998739698]
[0.5059515287504541, 2.4098264202058206, -0.43752829112168456, 0.03063212020195637]
[1.7891356928233937, 2.3715150193135726, -0.4793623568689107, 0.031715912726935025]
[1.5689762485589895, 1.967889196317934, -0.41177301724607007, 0.030789284614226975]
[0.8978884732496035, 2.121013810550141, -0.41337846137534057, 0.03065902530980786]
[0.7242478992004826, 2.323891342869718, -0.4640337263747534, 0.03307344901138262]
[1.364314053510434, 2.204103032472868, -0.4459617370859511, 0.032173717279560976]
[1.6825349539536716, 2.1102527195073773, -0.4294402033578709, 0.031493652799975215]
[2.515220630045449, 1.8697883645435236, -0.4423949035307819, 0.03485390998980844]
[0.9207827870835308, 2.3837047740175246, -0.41095907056791114, 0.02634407147954683]
[0.6977613010382058, 2.475047471483441, -0.4450524302122461, 0.029910141827465448]
[1.986364452444775, 1.860024047175413, -0.4091252558027475, 0.03084665331369805]
[0.18288314599820632, 2.4853436038432477, -0.4866772626563789, 0.03384522297196365]
[0.5429759317852589, 2.77304531916808, -0.45158793118194734, 0.027227912299029676]
[2.679569747662645, 1.9276296863954907, -0.40491023434083934, 0.029131464204971962]
[1.9243739587868394, 2.1692328371635607, -0.4230734243948865, 0.029390898195512667]
[1.1859913793595247, 2.294590604212826, -0.4306998860407696, 0.0296117663360692]
[1.8768846631449216, 2.04370453356275, -0.4524116797334026, 0.03315466413950785]
[1.3505597689128646, 2.2429536047919316, -0.4759036431833347, 0.03442038334742234]
[-0.8666004954928788, 2.696021893354276, -0.4430040330482865, 0.028337441321103257]
[0.2798527771481645, 2.5159815888888977, -0.4780453017026664, 0.034095475043648994]
[0.7960675838967344, 2.16178259578089, -0.41428940630452044, 0.030244351440374934]
[1.0487423178597877, 2.375566620028501, -0.46070659352225224, 0.032351831659883055]
[-0.006579382139443535, 2.5725124947326594, -0.4319559112935971, 0.028477457365157503]
[0.3564557573870064, 2.468840441004546, -0.4451949789271667, 0.029640838115176794]
[1.7991161242806268, 2.2067637483883686, -0.41407385834896854, 0.028994155028102753]
[-0.058467841270291476, 2.6552811104358156, -0.4688465811355068, 0.030662755162283804]
[1.2000881225811337, 2.289389792267804, -0.4633156302944067, 0.03288196198812998]
[2.2866095920109095, 1.8213842846775328, -0.3916516590834485, 0.028884085117042848]
[0.6562926315355901, 2.343335179069961, -0.4618322694020301, 0.03342629761405545]
[1.405440699358428, 2.0768986296571557, -0.44628435261911376, 0.034186185996407145]
[-0.5550679582838458, 2.515612623477316, -0.39562980112689516, 0.02554679861789112]
[-0.1874974113398289, 2.4492486975022842, -0.42670654184446444, 0.029922318503478745]
[2.8195005216128477, 1.812661915281017, -0.43038592443717893, 0.033315555429979576]
[1.0474055903308925, 2.3796901760534728, -0.4857645225217346, 0.0349369381755509]
[0.9590847752200213, 2.2296721543879774, -0.39196332426438557, 0.026197962101668925]
[1.2339123461998422, 2.495113370265707, -0.4740387541854134, 0.03169203568003732]
[1.439087537241745, 2.1303555263970857, -0.4664409816536505, 0.034648877054562745]
[1.2796866861117109, 2.2806190275902822, -0.4194329631841194, 0.027947651550776022]
[1.8389057621253775, 2.013235110474981, -0.4303385061515231, 0.031126970732182527]
[1.11674140209732, 2.500694520073514, -0.47561153071224294, 0.03168036690164916]
[2.3644791891296273, 1.834265834319031, -0.38925045991468643, 0.027952842128785706]
[-0.16708011587325178, 2.6322527792569, -0.4673199562072101, 0.031103153953424913]
[-0.04790649812300973, 2.293436912496789, -0.40352686531817816, 0.028340159945158053]
[1.8851549627015545, 2.3106851099271575, -0.4694750435574799, 0.03248538159525563]
[0.45578696903066573, 2.5229790320279526, -0.4720485821099479, 0.032275511278241346]
[2.1872864741090257, 2.1451570223201903, -0.47011060501395824, 0.03438293145959177]
[0.6612008955353108, 2.3646491882725797, -0.42316974464919677, 0.02798767089947565]
[2.334369320118248, 1.97098248508679, -0.42660339283172705, 0.03161443963605015]
[0.18290782226654168, 2.7388845279565013, -0.48301850246612765, 0.03141077909340659]
[-0.4824688354843927, 2.5291514847230765, -0.4350958227610164, 0.028767537758103128]
[-0.45049967655099854, 2.4910736992005384, -0.38743272485100266, 0.02564084221162945]
[0.8939486153620626, 2.354064541461783, -0.39311654464316353, 0.025621122248908373]
[-0.21404718602472794, 2.599691317660044, -0.41720896512299865, 0.026577827194332878]
[2.3339586604181832, 1.805898736977681, -0.43985137544537234, 0.03540622556598948]
[2.2711559426886225, 1.8020692803422422, -0.4068379712470644, 0.031768285875513634]
[1.8701252721783237, 2.121081594964078, -0.41383441276389304, 0.029056706358637333]
[2.401518685204591, 2.0964005941672967, -0.4841510777433319, 0.035424980813524985]
[1.501917197756875, 2.0383521975958447, -0.3949334911454654, 0.0283937934979333]
[1.8461901508294103, 2.2701692988679896, -0.4710817043013083, 0.03330772520691557]
[2.7972872743386183, 1.9446887020345374, -0.4343118634175293, 0.03227425881064254]
[0.3786982786590869, 2.409330294856969, -0.4363069005771107, 0.03026636864876369]
[1.0940089830600614, 2.1728285974122823, -0.4619870883184407, 0.03454491263063175]
[-0.015568051764297763, 2.4231492216463644, -0.4109049772327917, 0.027209838177137124]
[1.5390693324248672, 2.2492056408846812, -0.44242909635143596, 0.030719995538974074]
[1.6866777542733766, 2.1625107877297562, -0.46903305141866497, 0.03403049531881622]
[1.805239587382649, 2.0410831643370373, -0.4273013172142222, 0.03165033990572239]
[0.7176128957853343, 2.4918902247855104, -0.4318428583609773, 0.0282388071487406]
[1.8962000057006696, 1.9911849374017803, -0.39252998280479684, 0.028166972133950034]
[0.8426328845211168, 2.261573951230212, -0.3886367696896047, 0.02625344885196617]
[1.0292558401384868, 2.1901919580202875, -0.4450527531211192, 0.03266951076129591]
[0.5113534395420047, 2.373746149446565, -0.40336766098800597, 0.027167928510224062]
[-0.02717715344125038, 2.723427653916988, -0.46866781337355273, 0.03064770605903011]
[0.9328384771599123, 2.376042736274586, -0.44911307458988287, 0.03013575086677636]
[1.4160408907091955, 2.0034096830039854, -0.39837382930865567, 0.029382452308330115]
[0.8801540806190764, 2.485040031655371, -0.4226130942353587, 0.02646254313615977]
[1.6040820008488317, 1.9903399480612558, -0.43779824347408747, 0.03267566290057007]
[1.1477175597066247, 2.1532274200578025, -0.4093133712925177, 0.028812677546076117]
[2.8058814682910937, 2.010026074639951, -0.46880845295530243, 0.03532400131335564]
[0.3321245751068984, 2.498486001931308, -0.4531763115601956, 0.030097553021763885]
[1.498783337513454, 2.2489762649733134, -0.46102455165322676, 0.03213932611961466]
[0.2358037843512535, 2.604820137696272, -0.42849327485248073, 0.026524138616567983]
[1.220658561932698, 2.2706387857487167, -0.4233943392583091, 0.029244279139853488]
[0.6687269247632743, 2.506027597387499, -0.4667907578965602, 0.03149657161893751]
[0.9881380676769038, 2.250976590891008, -0.4067472905504254, 0.02851865313699729]
[0.5607091232762027, 2.3831749219777136, -0.41000683747889227, 0.026688996067863756]
[-0.1528152243173322, 2.5640910345573555, -0.4414410116589101, 0.028914256144819482]
[1.020059515124487, 2.4469808711607492, -0.42952309002702604, 0.028019509088438463]
[1.5068232629462548, 2.1256690006403938, -0.39965959245389815, 0.02728606337329113]
[2.5635757822236296, 1.8347186970619758, -0.44391285955312, 0.034747612265916855]
[1.1891477010583134, 2.21749199203141, -0.45538293470862257, 0.033326068130033096]
[1.0896507421410746, 2.3123374227568068, -0.43753053192251884, 0.02960475426121451]
[0.7082868962451667, 2.186888678638857, -0.38884088888186913, 0.026664674174964636]
[1.7664858171726605, 2.0004558596842092, -0.42538399397039317, 0.0319516610103125]
[0.2544421756086681, 2.2591136688729527, -0.445803282472173, 0.03219526983536599]
[1.386468030240867, 2.0339096448906124, -0.40683107187445744, 0.02928067913752993]
[0.011303851377305385, 2.594808771710638, -0.47485548294327073, 0.03297381345476074]
[0.21072919467675355, 2.4564482923995623, -0.42584233784579534, 0.028456444694469334]
[1.470653789489441, 2.43457788164418, -0.48000308494714544, 0.03196277478423448]
[0.1305579222876987, 2.4185239748635965, -0.4481187327460112, 0.03206616280649686]
[2.026228888430542, 2.331424913681269, -0.4726917934885733, 0.03295264130718741]
[1.8651836204016363, 1.8436980199793476, -0.4251503809641145, 0.03410357163656506]
[1.2476323573612054, 2.5912164072600015, -0.47049279060179633, 0.030584590992787503]
[1.0126159370881997, 2.058873020668806, -0.4524169160796828, 0.035019575920272425]
[1.5402545923095596, 2.412708414381889, -0.48605861911673537, 0.03303735140460007]
[1.1732916437289602, 2.050998160586855, -0.3948316210317365, 0.028470176942158504]
[-0.2936343837323485, 2.7025073977703253, -0.43327175959818903, 0.02682260485149458]
[1.3289594473263024, 2.099522924371315, -0.45201784679553375, 0.03298918783019548]
[1.9338241924860324, 1.846396359047247, -0.42725499022789115, 0.033020110837695196]
[1.0236003652496093, 2.117865394375827, -0.4034238080408128, 0.029326109548822088]
[0.8573891155316247, 2.2697206767298623, -0.4053894291455559, 0.02851618349371435]
[1.1301701044553911, 2.0224152803124054, -0.4141237727129263, 0.030792875936621916]
[2.3466226364566944, 1.7985607181518817, -0.3999199263069068, 0.0308878542231602]
[-0.27936793381987535, 2.5753154586238844, -0.39153772191117164, 0.02548003626588434]
[1.34963611236739, 2.272020761578062, -0.4383186588246369, 0.030726745362182825]
[1.949822177270335, 1.980770682100213, -0.4012618782201079, 0.028388324606108864]
[1.0431564913625269, 2.2309915377431024, -0.44188797853158573, 0.032520161975388436]
[-0.27804308007989986, 2.434351189679096, -0.41450760120396574, 0.02836329287447898]
[1.2455528639457336, 2.3294318676937493, -0.4591839119712077, 0.03239603752057632]
[1.3299499107978083, 2.1109308203464585, -0.43979821997300633, 0.032731553633881694]
[2.0152847862467698, 2.0619790839324446, -0.4161147685673154, 0.030548313641215165]
[0.5247818381128546, 2.619649116227299, -0.48419331523843473, 0.03242271375720683]
[1.022045792376808, 2.3561387471842554, -0.4743651700737616, 0.033401635828243105]
[0.9133029052348407, 2.110364028249802, -0.39753661167785875, 0.028184034268601173]
[0.45248404983166557, 2.4019761076614357, -0.42215657860159306, 0.028660556114711425]
[0.6223220446382625, 2.273136408706609, -0.3966176620698642, 0.02648866510271402]
[0.6355878480768737, 2.4656442047288265, -0.42620643199278957, 0.028179997637037945]
[0.5567257807871786, 2.2418540723019866, -0.4079631696187933, 0.028182396289281944]
[0.6490482992123074, 2.4875007650522853, -0.4403917634076736, 0.029678631642038076]
[2.3012108131448565, 1.841157086244285, -0.44816374240778745, 0.03534697261106264]
[1.810340460547323, 2.2015237945845274, -0.4695315809143005, 0.03412059699741847]
[1.242265496722807, 2.223489703445597, -0.4522094912818184, 0.03244556285873525]
[1.1801999122581739, 2.3705165348104495, -0.46282782626139785, 0.031692034388336565]
[-0.3085164082066858, 2.7262594004302843, -0.48164132451949504, 0.03282732035812745]
[0.48350676687985183, 2.29706397363196, -0.391150956165326, 0.026444626470544876]
[0.5352884701824925, 2.482771533349802, -0.427363717790728, 0.028234595183352515]
[0.9517400234942399, 2.5076784064113986, -0.4648357706106538, 0.030718086367009987]
[0.596531420429133, 2.346889413344182, -0.468028609950704, 0.03329126474811213]
[-0.20674558672049548, 2.6054185612839094, -0.4574578814235919, 0.03093347611150192]
[0.6092873104546328, 2.5082781437269572, -0.46599477135427225, 0.031514272148937]
[0.7706319329997484, 2.2659204381992293, -0.40209225952958727, 0.027565418663247094]
[1.5304483323457534, 2.267762970769923, -0.4433192764558781, 0.03109272197036975]
[1.6539103712554053, 2.169811023124235, -0.4458937983838496, 0.03188288042222448]
[1.2172711392869853, 2.0997576139848646, -0.45012451915558216, 0.033491682761121806]
[1.0677259041978258, 2.280141876832929, -0.4390047813750751, 0.029857765771738248]
[-0.07677307346057871, 2.562089678685247, -0.469788644931398, 0.03200301623653495]
[0.29902912205117227, 2.3330546585771814, -0.4233922580237693, 0.029195288191119023]
[2.05094467884656, 1.898893632659249, -0.3977234170958478, 0.030062675196957232]
[0.2871025811571748, 2.328481597286819, -0.409787036836026, 0.02736921850763663]
[2.284911206134459, 1.895284445874974, -0.40170471558056575, 0.030083639699870178]
[0.5576093353444946, 2.3998939788371825, -0.42773630063757695, 0.02782800606492447]
[0.5309897647378197, 2.425885489872465, -0.47668495448262804, 0.03268773168863113]
[1.0631762513728389, 2.0967031107527307, -0.4413023556533349, 0.03383378273004494]
[1.4630126583555563, 2.183792425056028, -0.4035105290207363, 0.02757592380661337]
[1.622666701030425, 2.383527733242846, -0.4771922218927952, 0.03253546727037637]
[0.7588463898462106, 2.2523690290134972, -0.4040744981501102, 0.027341140508702597]
[1.8990297864218046, 2.126417940113813, -0.45803612616491235, 0.033776855309606155]
[1.6231721160658328, 1.9863127014794442, -0.42472733891091197, 0.032180646398092386]
[1.0596274985489762, 2.298862984225963, -0.4351409251502155, 0.029611973752627495]
[0.761936368907191, 1.9847383587206124, -0.401135272479686, 0.031235560366269614]
[0.07941856848807305, 2.575798336247876, -0.43672696052640875, 0.02886778275548923]
[0.7939140185004092, 2.5115388968055665, -0.4560624262251422, 0.030201549271612328]
[1.604773178837358, 2.080115495150216, -0.38996167258682607, 0.02693515201342145]
[2.3186777758605523, 2.0410331267540434, -0.4493034033038251, 0.032440117970530175]
[0.9102259502046115, 2.5345256363046347, -0.4643896977814003, 0.03126477377133664]
[0.48577969332382187, 2.577237428802804, -0.46269469956164067, 0.029800281895575254]
[0.5206547181630636, 2.673787454167539, -0.48615073995170865, 0.03225772655696747]
[1.468071003109146, 2.108417488609353, -0.4018968449396468, 0.0272276244921014]
[1.0185624305990921, 2.2918749261689824, -0.4019627968407746, 0.026476390220077656]
[0.20747508896807476, 2.6201547097005298, -0.4336228754108669, 0.02806132050151717]
[0.11714797727646786, 2.7615693110344686, -0.47539531206384367, 0.030484292671841363]
[1.0890710915048003, 2.468931397093509, -0.46083267224862945, 0.031446673799660346]
[0.7851568514089435, 2.265017662796274, -0.4142076426599742, 0.029481908126628598]
[1.3626574729349068, 2.4299375091392976, -0.46266644739194995, 0.031445669965878685]
[1.4094456221729539, 2.028872088540122, -0.3918909205802, 0.02856747145281881]
[-0.16938799577174324, 2.3997999977833415, -0.41917932219980486, 0.029063505599957268]
[0.42082061051965525, 2.535486336727449, -0.46447556283217806, 0.03138333149623499]
[2.6658585885093, 1.9678335746059257, -0.44773287506761555, 0.033003591806138766]
[0.8497889455045753, 2.5493967003537277, -0.44305996416619375, 0.027941483927840127]
[1.0249339176569197, 2.25910715681816, -0.42917009242454984, 0.030675890174565117]
[1.208253767606665, 2.5808011341958728, -0.4643780385787311, 0.030732600190399816]
[1.6180832767841244, 2.079656613483059, -0.41040469083584086, 0.029126279863814435]
[0.6347231186203399, 2.541289360999235, -0.4746494691145621, 0.03212416083752569]
[0.539354286102816, 2.3630062708735617, -0.4476299380503815, 0.031013045993077918]
[0.04010060138214966, 2.5502065495454804, -0.43925741039581373, 0.027957467054934047]
[1.441720464549098, 2.0299641093821696, -0.39897259155034037, 0.02995139562555519]
[0.013995885379351147, 2.5561540793796325, -0.4276764114254004, 0.027352998716977835]
[0.9512104212872141, 2.5423830040420325, -0.467207203101984, 0.031023962621899298]
[1.0087148902323304, 2.2723095285916157, -0.46492564993679497, 0.03349295296408399]
[0.7183451649740893, 2.257933417876655, -0.4165513655567436, 0.029539554563272844]
[-0.15894212178967448, 2.5201092670418745, -0.45608539175864216, 0.032274721325933994]
[0.277402121920296, 2.318717453244993, -0.3947486969742248, 0.026516399206570434]
[1.2770270016222396, 2.18538045605838, -0.42678594941999975, 0.0299270916625978]
[0.920255099552691, 2.342136654317188, -0.4182910027913465, 0.027362965058854792]
[1.4929108104358382, 2.1402973672089267, -0.44446717780176426, 0.03175364143395112]
[1.5993797751549925, 2.305500977439626, -0.47637358196269936, 0.03438913987442629]
[0.5709358450540427, 2.755311252892735, -0.4435831877293799, 0.02622471443260385]
[-0.4810429557681668, 2.79161297708694, -0.4852490475529525, 0.03121463439455209]
[0.29331717527829104, 2.7101081542208547, -0.46397814443358243, 0.0285721841894576]
[0.4100729999218826, 2.5618264337312775, -0.4429851594567433, 0.02828959511700262]
[0.6630897381910739, 2.428651723963259, -0.41665325054580615, 0.027302226354908]
[1.2949986668584974, 2.2665748983839746, -0.474322901169563, 0.03460851862454696]
[2.5086088062350527, 1.8165800831641792, -0.41819232021644565, 0.03162526951154604]
[0.7648951915041615, 2.415335857507446, -0.4528453676862742, 0.031306867889005406]
[0.2571123072307899, 2.6009602063468646, -0.4748584457536442, 0.03152984759341215]
[1.5515125172716933, 1.9866757531185866, -0.40581511810013693, 0.03007851990314292]
[2.138725256296034, 1.9266362851310226, -0.3919477755570657, 0.028158745503459367]
[1.6608376531999394, 2.22858038388821, -0.44645563625496143, 0.03262746300715906]
[0.5107362810322216, 2.3020320611784686, -0.4055072161992223, 0.027681860493832717]
[0.776092258770464, 2.3029554340456806, -0.41208997069738634, 0.028056846695425186]
[1.4449380612757299, 1.9220538558247504, -0.4036124577194732, 0.031288859077771444]
[0.6658859201060903, 2.260611946336248, -0.40419258524506, 0.028103799569513727]
[0.11151085023417506, 2.5752380484672583, -0.4673536232776232, 0.03140930030535097]
[2.053632320837535, 2.2167026587521943, -0.4302338357696825, 0.028945506692657892]
[0.39317271342447446, 2.410374075648096, -0.4234938059250347, 0.02830373004828111]
[1.7817016006631006, 1.9354910560468213, -0.4056627923337869, 0.030672195948871633]
[1.6351439242315675, 1.940662761868253, -0.39281794036387374, 0.02944581450280618]
[0.20227222264279643, 2.5317890386706488, -0.4772040511833529, 0.03351941833714071]
[0.7377922669593673, 2.195777937208639, -0.43660449284063435, 0.03108907930977991]
[0.8223327007122254, 2.302064763718796, -0.4410280085642824, 0.031171440327947487]
[0.9987764449800953, 2.4657905885060485, -0.43288573845730666, 0.02853175326838063]
[0.7567910840926553, 2.3868455916094344, -0.44745976506313173, 0.032264510629611096]
[0.5724185378926023, 2.524558546100059, -0.4548994188001955, 0.030444090118129492]
[1.681439436430734, 2.028520770493661, -0.41964855040640675, 0.029961836971618475]
[1.994623414958689, 1.9595156300132313, -0.38961298818916346, 0.027054460600245307]
[0.5654630456966263, 2.54547270854783, -0.469479703663873, 0.031678537194109624]
[2.668287904264861, 1.8159681646228312, -0.43749430969693254, 0.034049960641990895]
[0.20202105778702428, 2.50434909837269, -0.4258170348129441, 0.02786841521476978]
[0.9698601898730854, 2.3726710218607874, -0.4240624461698772, 0.029104627362896547]
[1.3254400409893097, 2.094620070395184, -0.40052873542426376, 0.02882144943709261]
[1.9021877188969767, 2.153137512483577, -0.45828593659531713, 0.033965860377738015]
[2.2670818589797244, 2.093975753452936, -0.4275796600173885, 0.02921762146280916]
[0.644825405678787, 2.416188165204699, -0.46973026471156054, 0.03337938730112343]
[1.8197585397745604, 1.938431680998605, -0.41785725740498375, 0.03174785883604005]
[1.8579339557290337, 1.8736911264552107, -0.4069995652240751, 0.029977611005941287]
[0.3077104477265258, 2.4346723637200824, -0.45924975977799376, 0.0321477676834139]
[1.7894088350731674, 2.1986397056014026, -0.4526741016678524, 0.032171595702847125]
[0.29014283881497027, 2.3055171542076316, -0.40711067394377387, 0.028477808116259676]
[2.816533695708793, 1.8925965719414068, -0.4161719863712473, 0.03161745299849128]
[2.4769591599024974, 2.0333450313657178, -0.4507467153286183, 0.0327825831314596]
[1.8715732394113762, 2.023693472815255, -0.4187710742886953, 0.02959352647963044]
[-0.12403416757790353, 2.5908032348566166, -0.4544028019860087, 0.029981661822891113]
[1.145601171669906, 2.457430330649664, -0.4361749488108289, 0.028390296437412744]
[2.511355674165812, 1.8550691887835034, -0.41343735829483197, 0.03106126664531755]
[0.6259864875691914, 2.1135290582938553, -0.3952866171292556, 0.028749154954387613]
[1.1425228727530237, 2.075206613329404, -0.42140652162964853, 0.03146642775329273]
[0.011091828748152288, 2.2533461815037596, -0.38907062560534517, 0.026426463976659112]
[1.6596291500898883, 1.8553856103185828, -0.3955192146828367, 0.030544961490909427]
[-0.16622512958412727, 2.6729477336305467, -0.4705758298699323, 0.030699092294597052]
[0.16555503801789184, 2.5418772839858255, -0.44015497774787576, 0.029183340634933764]
[-0.29016782735019664, 2.685877811749913, -0.439035086773795, 0.02748116040563064]
[0.21284909727546353, 2.4574079938187565, -0.41655261028495605, 0.027230098302838665]
[0.08734796111795928, 2.740727520083672, -0.481486755611109, 0.0315398403665359]
[0.9514540992442932, 2.505694967407244, -0.4746117561078644, 0.03313684433985692]
[1.9476603359375737, 2.3952255005594356, -0.48113944981268153, 0.032507381534848084]
[1.689735760329436, 2.3123691668103796, -0.4493623164953694, 0.030090459494945057]
[1.1136387821838385, 2.1938435975099457, -0.38835498857867795, 0.02548339483953329]
[0.5332825032373596, 2.5547476664059925, -0.4817355921529998, 0.033527952928876434]
[1.3115509658547868, 2.5982997912716606, -0.4799436365448534, 0.030749522191995254]
[0.994975644944696, 2.1407864231374765, -0.42661284753865303, 0.031267295487613755]
[0.5918552888871389, 2.190307331541576, -0.4276160831171147, 0.030148385001327056]
[0.02786016272120939, 2.6801311906965917, -0.48301033386910464, 0.031124193390245983]
[0.9465635283221063, 2.1867516528615734, -0.40536857704119145, 0.028125404943658627]
[0.4787314692933151, 2.403493667912243, -0.39924504688197765, 0.026466091890349284]
[0.3114510464245033, 2.5810822468327776, -0.47014232085339186, 0.03142283642287718]
[1.984441678449107, 2.1065352087755773, -0.3893093255160244, 0.026241808646470827]
[-0.45720465985670344, 2.778564196184205, -0.47076232635114507, 0.03084521231711866]
[2.146900240625003, 2.0200182640609188, -0.432793184943412, 0.031473103660643716]
[2.1526251206559386, 1.8560551480678857, -0.41902305480882696, 0.031048449973679795]
[1.839352892371371, 2.158056605078093, -0.4690798359362845, 0.03437459186376676]
[2.3243616596990817, 1.8285652011026226, -0.40786956362877114, 0.030993991304657194]
[1.8020184129541046, 2.135614305605624, -0.43412613067847655, 0.030861816945508876]
[0.3699207655587564, 2.284412276323323, -0.3956474050011299, 0.026692978311678845]
[1.946520456640938, 2.118580234213855, -0.41604344925187076, 0.029405570360080614]
[1.9283806600514808, 1.9111650738214547, -0.40354310154176204, 0.030475628252846016]
[1.5411941248945977, 2.2680796020311758, -0.4121426732815489, 0.02735124094735092]
[1.1078256176830554, 2.296131214383786, -0.45720290986514234, 0.03195351627516652]
[1.825946884668137, 1.7999362114184594, -0.3982375713859224, 0.030654337425768268]
[0.7160986053484986, 2.285469176221751, -0.4004516684909417, 0.026306621589874696]
[0.014396258904949999, 2.3985567936022316, -0.40801493464557986, 0.0278196998129292]
[1.4719632719184155, 2.1798994074862215, -0.43268807540971443, 0.030796851582942604]
[0.3934568578665809, 2.3611714948617752, -0.38948751474841375, 0.026154246189423334]
[0.07892286577175112, 2.4869594301281976, -0.4029523000138372, 0.02663839402009092]
[1.649905142464791, 2.0729134647715894, -0.44308806946660084, 0.03272120845846546]
[1.7422274975375474, 2.267598458607202, -0.42405387011011964, 0.0286313591902566]
[-0.48423499486324273, 2.456203752773317, -0.40641360488199374, 0.027453649323886904]
[0.47905109365539467, 2.1579939454325316, -0.41267487429882166, 0.03115558158059449]
[0.5741672879439594, 2.3257919132556237, -0.4167946964488533, 0.02762289363465184]
[1.192944361959504, 2.371007731509992, -0.4488976915544899, 0.03144589906055917]
[0.4996232960413267, 2.4362074419716753, -0.42399683595542925, 0.02833673895287928]
[1.7170803605877492, 1.8240875469902358, -0.3887170077065482, 0.030014270147938716]
[-0.750850778515173, 2.578718701018623, -0.42629369154699126, 0.028568032977327296]
[0.5914061739038616, 2.6627272432495577, -0.4678428369031392, 0.030029806285863506]
[1.97073316791283, 2.1101524599980452, -0.4413872469273662, 0.031349265083861655]
[0.1176521436728577, 2.7438178220377987, -0.4528546503484522, 0.028956650514071154]
[0.567097604959439, 2.542154402285857, -0.4844923972307947, 0.033640807923096476]
[1.9894647149257323, 2.068348117128119, -0.3907469221141042, 0.026788137102555606]
[1.0214992500198545, 2.185264835796151, -0.4678145179099491, 0.034927010395180424]
[2.7834797979884938, 1.845170208434656, -0.4370907725506105, 0.032912260438423824]
[2.679170607042988, 1.8875984407027513, -0.41554755111429176, 0.03125248994103431]
[2.1257232433292788, 1.904330170197493, -0.39905191757817754, 0.02993331341309905]
[1.3376881482047458, 2.3725557569103546, -0.4431189383061471, 0.030819052402057734]
[1.6262019436417243, 2.3418085594782077, -0.47288797148946704, 0.032445420368585484]
[0.6756166138469788, 2.2356528292918907, -0.41779203398917353, 0.02878765501367879]
[2.0312481557283593, 2.013213555523225, -0.4005895367937563, 0.028770826123821026]
[1.2332373837816317, 2.195226583327946, -0.44681733901782206, 0.03259685442525205]
[0.24570705972567453, 2.461672459935747, -0.4377007537852099, 0.029013650635907492]
[-0.14094725245715534, 2.6020870134460656, -0.45479675109244744, 0.029470665830796952]
[2.487036526628545, 2.1018364999632055, -0.4662875092742877, 0.0341952402328034]
[2.0224806485345708, 1.958834673325752, -0.449239924465487, 0.034198310196632775]
[0.7104520682810622, 2.228745502852109, -0.4267805415126015, 0.030293265488905895]
[1.2074324296235348, 2.1877420435766926, -0.42444002702575306, 0.030654078893420977]
[1.5598434573487467, 2.1034982173690486, -0.4230827213964559, 0.029922289119750884]
[0.4695191532860976, 2.577121096815855, -0.44603918458054265, 0.029352918146719927]
[1.5528822287239064, 2.2374709402648376, -0.4482282611879268, 0.03149291938550195]
[0.29084282019524066, 2.7463900561622263, -0.46378373155842634, 0.030086619367131185]
[0.9585935639532082, 2.3580536833865757, -0.46187743659649455, 0.032251025758320236]
[1.358565918404592, 2.513389400571455, -0.47074026401186414, 0.030477871454583375]
[1.6392033871995682, 2.264318753759119, -0.43783926304840143, 0.031045255386543864]
[1.1144784121453717, 2.2321576431333154, -0.4358887968764836, 0.03133008670999894]
[-0.22118497454628772, 2.460070039851168, -0.44636750664050573, 0.031156757395445458]
[0.24947487989140926, 2.5386279412607364, -0.422445045532288, 0.027002529211286867]
[0.6452245567278934, 2.447182931761421, -0.47865027974124325, 0.0334905189937463]
[1.6092804478661633, 2.196023350847937, -0.4613158940840504, 0.033070473975295035]
[0.5787732036786215, 2.3267300187447395, -0.407057278038758, 0.027732490164187093]
[1.7671447085117276, 2.0157721699982996, -0.4202438415709319, 0.030240389517948954]
[1.5903902489852246, 2.2300957985268393, -0.4362232738969643, 0.030194031270625945]
[0.924150359591605, 2.455035766305412, -0.4543792250602483, 0.0305161390342567]
[1.7209859589040275, 2.3318852777991266, -0.4649506098950291, 0.03305798235268866]
[0.4635771138401621, 2.477889870843211, -0.4626453292293714, 0.031100083433765226]
[2.165508531432686, 2.0850444621103525, -0.457649156108869, 0.032902203410745484]
[1.3677287023927747, 2.135498970334066, -0.39020040968996145, 0.028351763963212834]
[0.31575397738880984, 2.591584588858298, -0.4637964811949317, 0.030843295568022684]
[2.197312165930058, 2.148134397066211, -0.4492724240581191, 0.03159268992189313]
[2.2588491593870486, 2.308367138149535, -0.47865794143451296, 0.03210512989925914]
[1.4793523365030552, 2.1043966623728885, -0.40810174585824927, 0.028611414702504265]
[1.6658047553124673, 2.2592524237834173, -0.4582562844358729, 0.03132611302299452]
[1.8982118606798282, 2.0666814748372917, -0.43727299494434463, 0.03264117946050017]
[-0.49871933112750266, 2.7408909128439833, -0.48502125034217447, 0.03223275628792155]
[2.69652860501208, 1.9647661611347336, -0.3900341258449167, 0.0272801432278702]
[0.7233306029602597, 2.3461576106473707, -0.45603372660025243, 0.03336597482975032]
[0.9080843202638809, 2.2666261820154348, -0.3966956435406073, 0.026746118855189058]
[1.8454811364371362, 2.2157053480110838, -0.45602541818200637, 0.032507007668618956]
[1.5389720573809158, 2.0930722054785056, -0.46771119508661196, 0.03517364681663395]
[2.331177041094094, 1.9638952116052684, -0.42717810424287705, 0.03168014059088757]
[0.6939985805167428, 2.625772519409707, -0.4550059034028201, 0.02876484364370488]
[1.8315110948903794, 2.4440948086275074, -0.48384150680120297, 0.0322914351553255]
[1.8972175552513675, 2.0053034763470805, -0.4426646424291902, 0.0340001877951808]
[0.5815625973596972, 2.2928544747450412, -0.43236376168512014, 0.030132588170501705]
[1.2067663467694825, 2.492676443027109, -0.48186096619259433, 0.032873894183539976]
[0.14672363673045874, 2.2910688231079215, -0.4004258727728369, 0.028687273490896264]
[1.4246948336477216, 2.140327190933359, -0.4418854662810791, 0.03279527156648431]
[1.4498882903531993, 2.1692272051273185, -0.44400628275412674, 0.03226522956246554]
[1.4595014245189537, 2.079825394566451, -0.4509833632127393, 0.03387713853981408]
[0.21421788497991567, 2.596838501289612, -0.4476175841202379, 0.029198749846790842]
[0.892017932228585, 2.0782771132781264, -0.4046870597296924, 0.029931795091325646]
[0.45320291882276553, 2.603054720250677, -0.4539613163386836, 0.028565339539064764]
[1.4595982672003567, 2.1045371539063416, -0.4140968989134244, 0.030019187531232307]
[2.7552471563086853, 1.9578310483592027, -0.4600631932399261, 0.03447732841706892]
[1.2256309863991803, 2.194647411744905, -0.41870771544494806, 0.03042373599651348]
[1.2955006807481455, 2.0977480825166617, -0.4339318776000717, 0.03164860890899948]
[1.5926221185572147, 2.2744688646712925, -0.4356276415018185, 0.02875416833014722]
[1.3849756037357661, 2.1981394620220587, -0.42379324524892703, 0.029805658557960867]
[1.4928207701172633, 2.1408813225864933, -0.4234030791880442, 0.029569529639268295]
[1.144829823407092, 2.251022549502351, -0.4502904590050239, 0.032558822622724644]
[-0.2215513707862291, 2.572110296396996, -0.44101412061966805, 0.029157229589668]
[1.0788284947472202, 2.296261965923829, -0.43987249597820416, 0.030241749466520033]
[2.0988031633877364, 2.05995861496067, -0.3998757128212998, 0.027893209938806545]
[0.18332797890860197, 2.2614189716436295, -0.41422796213553886, 0.029285293306043486]
[0.2737130826080634, 2.7890161433324403, -0.46129205255239514, 0.028565122002315167]
[0.4995404897092044, 2.501129006901416, -0.41655062762706757, 0.02661511329663195]
[1.6748178955008615, 2.132335280946547, -0.4492006407131088, 0.032402648577889895]
[0.2567849567321687, 2.5612122851007513, -0.4535077400325667, 0.030164771104111046]
[1.7107274768417762, 1.990003561403405, -0.40793161961307123, 0.030060032136044273]
[1.4863648196748471, 1.9567417240693243, -0.3897455669727481, 0.02886679551826567]
[0.5471381506871289, 2.2449844974946087, -0.3874710300674369, 0.026656025983398376]
[1.1254872392322577, 2.178341890503482, -0.4021898862640945, 0.028379607260184937]
[2.3815084795040895, 2.238174508917346, -0.4842332066990683, 0.034183627122523534]
[1.8681201821733078, 2.125063997488688, -0.42093676433481375, 0.030039298558133098]
[-0.07593649540445746, 2.538041040006666, -0.4729460646946905, 0.032761183815610655]
[1.9133145876271684, 2.179797408537114, -0.3984698349916518, 0.026725904172370137]
[1.8346273618467541, 2.355312386292037, -0.4817495001656826, 0.03342752540336485]
[0.651617831784502, 2.4765625028642493, -0.43537871375541526, 0.028082323018445907]
[1.2199438906919524, 2.3091931043654155, -0.44721129183023184, 0.030787434864589947]
[1.0258281520163837, 2.349973698453047, -0.456163978660199, 0.0319959110969481]
[1.2378030967869385, 2.3292047126648345, -0.44513790872981773, 0.03109431615377759]
[2.136951670153926, 1.8975795886351237, -0.4257187321232202, 0.03260160015012895]
[0.88313244766556, 2.2592423453538397, -0.4686474970606447, 0.035048644489171096]
[1.9287036528285522, 1.947421824910739, -0.4200444950328122, 0.031839569003858294]
[1.718872758346981, 2.074180495301337, -0.41970719677639057, 0.030479379631850476]
[1.4628174338629787, 2.030819672328147, -0.4120895097790601, 0.02956111584002549]
[0.4835112304748721, 2.456019466476016, -0.48519881664708225, 0.03420727185315106]
[-0.30416255745951304, 2.3711822820539874, -0.39154358953531293, 0.02575907845916676]
[0.4246771841697634, 2.5785394859689603, -0.4569731085578208, 0.030945248093395314]
[0.37063301715545194, 2.6236463461274746, -0.4806222143538428, 0.03220460431005465]
[1.1392005183620282, 2.5799649416153176, -0.4665347228259337, 0.03007560881321131]
[0.11237349454398782, 2.4627979396872886, -0.4075350846163327, 0.026710828084000708]
[1.236562106222169, 2.2679153096441667, -0.4432275729885563, 0.03131031922481261]
[0.8236378861416087, 2.372174662818035, -0.45731074395756793, 0.03251299470715642]
[1.4247197541503818, 2.067288354423678, -0.4442054373758108, 0.033675320875689474]
[2.8046526254235964, 1.8030266716904761, -0.39230313230354796, 0.029261076854526582]
[-0.20612386585426723, 2.57172371143447, -0.4429476801668892, 0.028803590314649935]
[0.6899295503810263, 2.071680896267395, -0.39653158529067145, 0.029527659654782802]
[0.5737738712816562, 2.70014894377127, -0.47466975717178017, 0.03171570170526784]
[1.1650501726225881, 2.218309099567478, -0.4350550464257157, 0.031116859758983168]
[1.9380759251408857, 1.840011284007954, -0.4124448299809791, 0.032631066454549953]
[1.4804987925595068, 2.097040375757726, -0.3934324493861705, 0.0272749197220999]
[1.4760740654052058, 2.3086026568786364, -0.43935781152682135, 0.03056017989667035]
[0.11855332634160654, 2.4934890843982904, -0.41199074448297995, 0.026493351272322725]
[0.7990960318175375, 2.432605575016049, -0.43646400547602576, 0.028747545261370182]
[0.1256757129906827, 2.60145666359551, -0.43159971398674474, 0.027766428023946]
[1.1252660677962258, 2.292200691378042, -0.48448822892990806, 0.035186250777958374]
[0.7419538815286408, 2.352621450358823, -0.4221369606300207, 0.029495091238780878]
[1.7714551375992107, 1.9016065303469705, -0.4071448233015896, 0.030849337703052565]
[2.5884795050625122, 2.1647860158693613, -0.4782397874384969, 0.035086629989079424]
[0.48058704923584683, 2.4622089855411207, -0.46547597851632405, 0.03230627283508375]
[1.0839996802593057, 2.420587672694997, -0.43646051315323786, 0.027955356693565497]
[0.7532603662648549, 2.3488481166119985, -0.4392711347549734, 0.030658088531526004]
[1.886748567004843, 1.9102842142363254, -0.41506684088873047, 0.031186112384985754]
[2.1028219253786764, 1.893942252138439, -0.4382173592203616, 0.033574488997450566]
[2.3133504328279293, 2.0691101590732446, -0.4492328727296681, 0.03284863909775271]
[1.517666672502176, 2.359903006238216, -0.47451996723923856, 0.03350498309426756]
[-0.6046147054547233, 2.74032682474174, -0.475315626490634, 0.031756448175277056]
[0.803217056747247, 2.348511152276491, -0.4067830008990393, 0.027974068153674023]
[0.44084400133286383, 2.652678832373351, -0.44458846824095166, 0.028520071189680384]
[2.993180053940913, 2.004040195137944, -0.46693786294708794, 0.03534693233363447]
[1.9529651695967285, 1.8445391910674571, -0.39089951732364403, 0.03057756800618229]
[1.230823980828685, 2.128807463389358, -0.44519927923903513, 0.03352771012885608]
[0.7957718777002185, 2.374116831740396, -0.4553695071506898, 0.03222051321351049]
[0.1563894868749025, 2.435393889298859, -0.41924925586153183, 0.02808224161417864]
[1.4360610531965436, 2.2386058588094606, -0.4450813042516582, 0.03131883549635165]
[2.2513994278341536, 1.9032516599893143, -0.4281635533324273, 0.03128177467065196]
[0.5590051552978497, 2.3913184934022955, -0.4599560126420419, 0.032528632397064175]
[1.9391504087184193, 1.8897760209157632, -0.4128266899458501, 0.031377363209279946]
[1.2432089031946183, 2.4124226407961333, -0.4415846401776918, 0.029464711131627425]
[0.4753279504929204, 2.4721413313071783, -0.44784167156167676, 0.03005567225192009]
[0.8374281073077943, 2.335609612547736, -0.4417895899418486, 0.030541498563230917]
[2.1120448011542345, 2.233677923779639, -0.42712575668751634, 0.029105180086761988]
[0.29340525376369, 2.5161155123501286, -0.42370009660672187, 0.02771220022884938]
[0.9280658114304816, 2.078274170113938, -0.4216184726712308, 0.032955341129861135]
[1.6877041622934965, 2.230072222972592, -0.4341639182071774, 0.03002962792317555]
[1.9540571453407947, 1.8647073596973311, -0.39684953039852694, 0.029907290554479538]
[1.5196243327685002, 2.2513496071395087, -0.471943250602575, 0.03365252623013294]
[0.525295167826231, 2.3939804324349065, -0.4728969152814013, 0.03379674867725561]
[1.799529573478472, 1.9437299528172394, -0.39406297770652626, 0.028346686906861245]
[-0.08827023615085361, 2.600558965517746, -0.48021007657411424, 0.033701824570803236]
[-0.31154924925328453, 2.583412313456296, -0.44263667953730473, 0.029521425936260424]
[1.4864595698453438, 2.2526394812460495, -0.4799270552677277, 0.03444108304338697]
[2.1863225517441824, 1.939392502328522, -0.4358267875543687, 0.03349480098899251]
[1.671058632536441, 2.133828736112492, -0.4625993808193266, 0.035006100741881416]
[0.5740718263472142, 2.5780680973496235, -0.45454171684865513, 0.028864638123486108]
[1.7014915479276356, 1.905409381401315, -0.4027751491246728, 0.030824384267101646]
[0.4265237213325479, 2.487829573357412, -0.458141450243457, 0.031201922310620127]
[1.8154896533578428, 2.270203959249644, -0.4605353061689164, 0.031520607437569105]
[1.775172127212139, 2.1358493821452784, -0.4325848419956297, 0.030410041076264913]
[2.9136956485124226, 1.9173006199306202, -0.4575257571804463, 0.0342845074162159]
[1.6688314395189514, 2.4372563921151302, -0.43044200777148806, 0.027024066279660305]
[2.3887340301642284, 1.8070986054159843, -0.4205944326616018, 0.03149835398937293]
[0.26729057715052384, 2.465785453902285, -0.41760782554714904, 0.02789589647731945]
[0.8895533277049288, 2.3352093749783536, -0.4590886892204717, 0.03273839679419455]
[1.523461395786223, 2.3087852719643607, -0.45543652460512507, 0.031417896587752944]
[0.16801875861354532, 2.5279192170834506, -0.4577885735815371, 0.03123934619948974]
[-0.0855751114429788, 2.657994763668198, -0.43511558562057606, 0.028072304383393223]
[1.3192342733441063, 2.1661339836195763, -0.45735556123541166, 0.03430526362564785]
[0.9250201706912375, 2.323892271621823, -0.4629034960455371, 0.033713964367320326]
[2.022851439029627, 1.8764066049231705, -0.40191669537904984, 0.030577802496954465]
[1.0075661475382924, 2.267002361740481, -0.45064373068121694, 0.03166131558639471]
[1.6544521693685286, 1.97453356153936, -0.415233253835993, 0.030774536333700014]
[1.0174874433864431, 2.2642932387115655, -0.44102056486087887, 0.030350155129707443]
[2.2845312654766246, 1.866088130998556, -0.4439720445042718, 0.03433297834603153]
[2.283401269109905, 2.1396033246697743, -0.4778001829182928, 0.03422308920620143]
[0.047636735948424214, 2.6266699337433694, -0.44597082833355084, 0.02861520053020214]
[-0.41813281462503893, 2.6118348210432902, -0.45240480207533895, 0.030610860385113]
[1.3663908713894624, 2.280427903912962, -0.4690301808263453, 0.033989991094104735]
[2.3215473336021524, 1.9461087872540292, -0.4040666736012962, 0.029188433850843548]
[2.13539814754996, 1.9970869124763668, -0.3913822275753601, 0.027768727339363072]
[1.711488296573164, 2.305129619270011, -0.43362132259498476, 0.02940117737890037]
[0.2516855835997469, 2.643424265740336, -0.44878411851006966, 0.027746668742117498]
[2.6716812795492157, 1.8304731772095235, -0.4118927466339437, 0.030864824640552603]
[2.3006798255142673, 1.9270785120377656, -0.3953037931015414, 0.02854824922353761]
[1.8274237751784153, 2.0523111000915466, -0.3930312605261719, 0.02782245884920855]
[0.6662302419153967, 2.3298911701498453, -0.39228149907975557, 0.02617823288291006]
[0.45150210578972416, 2.615891795572418, -0.462802233062087, 0.030746987541944902]
[0.65286368589401, 2.3014478210633547, -0.43993052561309465, 0.03121782445455009]
[0.7551428010564218, 2.5493290174000762, -0.45669280114997024, 0.02988005660068727]
[1.5359120485148074, 2.0730645406557446, -0.41981864254496715, 0.030612283641261423]
[1.774786940372755, 1.996102443876299, -0.41708073368947385, 0.030794847117424456]
[0.6512699993769511, 2.5254479230565092, -0.44439402666156447, 0.029640687641799807]
[1.1304714240607403, 2.28759902146408, -0.4437602544260189, 0.030880482402387666]
[1.6983600042597011, 2.3278359163903146, -0.42626484510829743, 0.028312397359191985]
[-0.15667387245927467, 2.5174619278070502, -0.403958214172468, 0.026092420982299507]
[1.1957046273630905, 1.9886570186415744, -0.4410355604860479, 0.03409482773453887]
[0.9331448819849246, 2.088368672111885, -0.404567413288782, 0.030216491124239672]
[1.9684864435374285, 1.8508447248071112, -0.43433151739634507, 0.03427000631444206]
[0.5367041705180902, 2.3745102316707283, -0.46889697160075433, 0.03399609048887089]
[1.3598723832512247, 2.115004550689493, -0.4326094800972872, 0.031688735318932355]
[1.6915706934196688, 2.1454892914887127, -0.45797238946821256, 0.03387107017117147]
[0.5464656440030842, 2.4159468553596737, -0.4599908547686944, 0.032030879311970725]
[1.347285797339664, 2.078169637489638, -0.39895010597997466, 0.027468601223612967]
[-0.6605141396113559, 2.6449633043268763, -0.4412764495530219, 0.029045131401766615]
[0.6219156468906788, 2.414094826063713, -0.43083098568000594, 0.028609657798499263]
[0.7750379817793966, 2.261718023122336, -0.4209244900401444, 0.02978100405128336]
[1.5748739482833183, 2.1239424431904697, -0.3896767263899238, 0.026197370661419524]
[1.5439628177214129, 1.9925722178037406, -0.40050486758816506, 0.028911814086667716]
[0.4815596587044446, 2.4518474871193074, -0.4327065664801691, 0.029113014869925288]
[1.164779578893265, 2.3586896873912093, -0.463178105297491, 0.03333117724790226]
[0.029419256941539906, 2.756530414166904, -0.4702422770491071, 0.030388218284919166]
[2.1187586917598953, 1.8477774609103137, -0.41493800541731424, 0.03265776029173968]
[2.0334391002733496, 2.046634975913437, -0.45528703067182086, 0.03453475729349524]
[2.307370781760392, 1.9616410349842974, -0.39724351467469854, 0.028688218171196208]
[0.8260335139222854, 2.250502185772583, -0.43701092035475353, 0.031090144607442555]
[0.7874658564396975, 2.536813247614677, -0.45785262786320874, 0.0294398031136279]
[0.699022709923101, 2.264863295463841, -0.40793143287861783, 0.028141778972778572]
[1.7550227196400927, 2.1722080432030735, -0.45623415848526033, 0.03306139853483193]
[1.4772493358447099, 1.9687151930452544, -0.3962031871690449, 0.029662561537343368]
[0.33052319468171953, 2.491302501850068, -0.42489252384205956, 0.028584376481630463]
[1.710632146366493, 2.0799224110679564, -0.3974970050697885, 0.028188568252171396]
[1.14198085597033, 2.162408064076326, -0.45600091278673105, 0.03407613608345928]
[1.9179720914076133, 1.8835981806798798, -0.3873281914259292, 0.02840988787526254]
[0.9335661757335458, 2.4397212022833843, -0.4639460477675276, 0.03145072063202788]
[2.3509432790549063, 1.8391239511235018, -0.41083437411682927, 0.03143376831327447]
[1.4443953966331722, 2.0003835137369546, -0.3934033358189615, 0.028816728512362784]
[1.4492895248765825, 2.1770230353537405, -0.39053813122331116, 0.02714066631230468]
[0.49234785956265936, 2.790839789193037, -0.4715102390906818, 0.028711710840275833]
[0.962357974593937, 2.3746770177990846, -0.4507476940036431, 0.0298266601987311]
[0.09240411655805225, 2.507295642727757, -0.41658555809028497, 0.027222455576079604]
[0.5955240450191912, 2.325397549187442, -0.42373828076475256, 0.030142389620875346]
[2.396189684555175, 2.004039478264448, -0.4583381251271528, 0.03380311806764275]
[1.0230085457657832, 2.3239751007692293, -0.47514983143068723, 0.03427628766135543]
[1.2596182421291386, 2.244441482198153, -0.42140830516354755, 0.028923462486183424]
[0.7436637578956802, 2.4483880241379903, -0.4866152488329582, 0.03495164783006366]
[1.486034183111964, 2.259689625077174, -0.44523687366167347, 0.031058256972053958]
[0.27575676303580465, 2.5535337804631286, -0.4781450957205558, 0.03248667448427598]
[0.6145556262854326, 2.3337754124971366, -0.4599212609586326, 0.03338816434489082]
[0.2750427805474085, 2.0931828514805173, -0.3935896995627808, 0.028415209462098343]
[1.3259670467968, 2.1890932502626357, -0.4151547174938188, 0.028852644733113525]
[1.5569006241809644, 2.2102122798970427, -0.43929036469082844, 0.030294680547004064]
[0.5783758832784485, 2.3079337502542603, -0.42798639454355136, 0.02983097345147701]
[0.9682162027165071, 2.2638433720826594, -0.4145110089700975, 0.02808015750975442]
[1.280211709678495, 2.177685038743142, -0.43359298626967335, 0.031725897266844605]
[0.2337914936515566, 2.5784391730356666, -0.43121667798097957, 0.02752071062353412]
[1.2336310863077808, 2.383501412537118, -0.48247170716353055, 0.03437468155623884]
[1.811957684257985, 2.0434485166364276, -0.45300082093372873, 0.03506084621935222]
[0.3846718871007191, 2.5239407896038957, -0.45189501032373597, 0.030753226651386786]
[0.8737579319560749, 2.5043949687184313, -0.4600459970614819, 0.03080917103601998]
[0.6158274542766313, 2.460893048019947, -0.4421120289686795, 0.030375353673169868]
[0.5386956414918256, 2.7727232483875435, -0.45571698139312694, 0.028067963329916425]
[1.732816854744494, 1.8973301302163554, -0.3957947942225028, 0.029370027169232784]
[1.2728462718003706, 2.2463980975181252, -0.4117079277925978, 0.028431029020603626]
[0.07170166570162761, 2.4629308928734837, -0.4215935440601043, 0.028673764380175697]
[0.35145040952596274, 2.520726958447047, -0.4063569898240663, 0.025562911417391383]
[1.704054067914774, 2.084041481201368, -0.3898948777445067, 0.02712327455237982]
[0.2741296564756355, 2.7148645396718893, -0.44749989844242005, 0.026986146032435612]
[1.9019226355121481, 2.1586517802620837, -0.4559773876276655, 0.03261847391959743]
[1.0848611498349974, 2.4637285340437654, -0.48403613348654423, 0.033911729326578856]
[1.1432606077878793, 2.4313277693698945, -0.4860465159915454, 0.03427800791418001]
[0.3722579075009964, 2.657659224274867, -0.45984999460677306, 0.02965262160051429]
[2.040422633063322, 2.0013326095959725, -0.43531669671208567, 0.03182687250882551]
