[1.2332556377302826, 2.051749389957652, -0.4241265864249082, 0.031097478426102332]
[1.7432354760513555, 2.075791462903927, -0.3969191022989964, 0.028442353467784565]
[1.0346260237628542, 1.6729767534816897, -0.2208768319643255, 0.015436791381046588]
[0.06513581275707514, 2.5978251123158973, -0.4787060221268795, 0.03316934486766343]
[1.9630575685739164, 1.8858999153869145, -0.40917025184055866, 0.03154252091363652]
[1.2145219856844367, 2.242743041873796, -0.4490207811091649, 0.03169780682810697]
[1.5997214115485523, 1.9186259866396649, -0.34099916471946257, 0.023695968925090516]
71607663033156, 1.3364288817164653, -0.20329843916033163, 0.016095978849448023]
[0.78420103118976, 1.854657413391671, -0.34158633789607795, 0.026270010541653677]
[-0.20779414708109334, 3.0185026955446377, -0.5250507055521307, 0.03263288023761757]
[-0.18927614825646133, 2.5023682083173666, -0.36573461821871756, 0.02171521107007124]
[0.2445109365774898, 2.9853290651797693, -0.6259433002301948, 0.04306064384100139]
[0.896228833649944, 2.922528559499792, -0.5879986378198929, 0.03991857502089935]
[0.13063081559442047, 2.801216337603631, -0.48546070762431315, 0.031012358644747384]
[1.5022738938079563, 2.7618058789210225, -0.5693714699695598, 0.038096667462320766]
[0.28108852961740416, 2.4134155262294303, -0.39279386553109785, 0.02462784409199792]
[0.6809992993720302, 2.134833939619378, -0.31111628617042064, 0.019496312643505154]
[0.8245626417984666, 2.044768287329701, -0.4251044409259297, 0.03309407389820895]
[1.004256386977008, 2.2682444278306946, -0.4379896590113188, 0.03083911522955185]
[1.7919424892307685, 2.375052712393442, -0.537608269202752, 0.039665788602118224]
[0.07557889706301113, 2.8589367044512253, -0.5485296032943641, 0.0365730787803723]
[0.5556280815895551, 2.9894854026605278, -0.6205876311375491, 0.04311276516427898]
[1.3732306848993194, 1.9378860744709394, -0.36932409988970805, 0.026799563120030512]
[0.6189710887881699, 2.4918001586388288, -0.4260504041823685, 0.027343735946336767]
[0.7752694454782798, 1.8072271340878725, -0.2748319507761794, 0.01817064968155535]
[2.432260228016045, 2.1389991093061362, -0.43992026831935194, 0.03027479921239873]
[0.07627590153608388, 2.8443037665352184, -0.5412626316564293, 0.036121040067584986]
[1.2740844971363239, 2.542492920719683, -0.5346741630467942, 0.037946001706009036]
[2.217927574216612, 1.4832495255498854, -0.3076989587184076, 0.024248404849296246]
[0.7723574730647496, 2.3141219129479005, -0.4392255849487796, 0.030858908960860965]
[-0.3186728143691502, 3.0674706416666107, -0.5702200993739757, 0.03724657865777836]
[0.23164524998790226, 2.9262778384885806, -0.5927192600153712, 0.040625416953064764]
[2.004451821655175, 1.6641855264143084, -0.35561396479202023, 0.02793942840343655]
[-0.7761148645635734, 3.1618114147110647, -0.5553533770402421, 0.0357293825341124]
[1.9087680318918725, 1.6015451632759037, -0.2993413546095225, 0.022947621240628213]
[0.19242911132976426, 2.1973949322917905, -0.40956702375685605, 0.029496631248626115]
[1.804784408063286, 1.3728008125671924, -0.20923248828679242, 0.016023379389577763]
[1.8489583805869891, 2.1706491643310706, -0.4678057834720508, 0.03393622768873972]
[0.5295344841828289, 2.529700624144776, -0.4232089694239527, 0.02693064703615755]
[1.593963913452197, 2.0857547622477046, -0.4071622322731885, 0.028581468398546472]
[2.331153736424873, 2.0038343177126294, -0.45075229144929185, 0.0327328903350953]
[0.0898181754235634, 3.0801740623262415, -0.6192706552305729, 0.04161465191177249]
[1.008768824315477, 1.5892624924033527, -0.22644400406526133, 0.016510115802505942]
[0.9113322896940126, 2.0845197791443155, -0.352187345817939, 0.02371288504535418]
[1.191123350053224, 2.385571414609661, -0.49043185004323564, 0.03555509556025804]
[0.8375602386921961, 2.253072285516599, -0.39238917228203385, 0.026070729290854966]
[2.9100136572606394, 1.6159278587963541, -0.3067494679578564, 0.022085709418818378]
[1.1020050715725507, 2.5765395206353756, -0.5661858602307754, 0.04095795097748389]
[0.5212181488735816, 2.041013381090217, -0.3713126656347394, 0.026759275163238283]
[2.6817702167369735, 1.7574542788879421, -0.3934911666558527, 0.029884919069463556]
[0.4428310590393112, 2.347460691663482, -0.41377753044493604, 0.028389008571463425]
[0.7064459139932548, 2.2810207270299996, -0.3709026228856265, 0.02397986759572468]
[-0.1598522843930188, 2.6794895248862476, -0.47040799852666515, 0.030507527724745187]
[1.4745106496580633, 2.1921348821117412, -0.40823387812316514, 0.027927724099625517]
[-0.5405410777160444, 3.0072735038774474, -0.554167612532543, 0.03707414877127124]
[2.6456541027058083, 1.8597923768906337, -0.44741899474078317, 0.035397493126263835]
[-0.5279611290173429, 3.127687087770283, -0.513190147142365, 0.03117397427729618]
[0.3096948027143469, 2.709090665715154, -0.477910463755828, 0.030886885817624887]
[1.2009855460518382, 1.772185007130607, -0.2956476312115257, 0.020963293371647373]
[-0.06786306504868067, 2.7308523208992392, -0.48649742447200284, 0.03259357769781468]
