52.3536067813
114.372670156
73.6356284993
33.356663875
100.100093544
87.024259421
31.3578601637
27.0494170693
11.0005995963
7.80958642113
69.922216619
29.1873350952
27.9290887545
39.5273658879
74.8336188737
37.0301174298
35.6238177677
97.0846277494
56.6403638552
40.415709031
57.6646764771
37.3924890829
89.4458929536
82.6155989809
27.4926867426
29.7740391024
22.7258620036
30.2421287812
61.984872577
69.4774484952
39.7310492464
70.7173620304
17.1295233031
76.9773479466
44.7700359671
53.8210430301
54.8576752376
59.4058136007
45.9325409095
21.5797686128
55.9491897979
40.3797711321
37.2139273673
59.5595143726
32.9072678944
83.6337072007
72.5883472113
59.4006504296
16.0965114909
57.5721265858
