7.893145e+00
1.287092e+01
1.791590e+01
4.349276e-01
3.306195e-01
2.932549e+00
2.386910e+01
3.448594e+00
7.779337e+00
3.736466e-01
3.784709e+00
2.782000e+00
1.785080e+01
2.528774e+00
2.853153e+00
2.390128e+01
1.302464e+01
6.660353e-01
1.794565e+00
1.814342e+01
1.376215e+00
2.798997e+00
6.412296e+00
2.986244e+01
7.839873e+00
6.570388e+00
2.057757e-01
3.163097e+00
1.191203e+01
1.254790e+01
1.469301e+00
1.202533e+01
7.435214e-01
1.707394e+00
1.048436e+00
7.447414e+00
1.359778e+00
6.859517e+00
6.135460e+00
2.644910e+00
2.992344e+01
1.215828e+01
7.446064e+00
8.170959e-01
2.124207e+00
2.968172e+00
6.390549e+00
6.565358e-01
7.063244e+00
2.490683e+00
