3.268234568833194853e+00
4.559128104426301675e+00
9.952412352739937518e+00
1.065353453803683514e+01
5.838784012707487037e+00
5.373828496767929508e-01
7.700844168450949212e+00
3.586823560128227228e+00
8.893756846959921525e-01
2.176398511447530382e+00
1.069184282208316361e+01
8.391122773785431477e+00
4.501693277379226643e+00
2.622576726010283910e+00
1.539238644685625435e+00
1.543772513830610205e+00
1.769901306382903883e+00
1.147863549609900957e+01
5.125085938794892826e+00
4.766521181897709347e+00
9.314251647394078404e-01
6.176257938434681627e+00
3.768795114051637363e+00
3.333455779322835877e+00
4.433195145151502814e+00
3.872200066526032547e+00
3.261930122936174126e+00
7.579279779356262736e+00
6.100275780722963503e+00
8.661302055006213862e+00
1.105330086722706717e+01
3.703702806992881236e+00
5.017700076928644393e+00
8.181742162092064063e+00
4.439296750219612342e+00
3.670985143463345590e+00
9.373635083780873956e+00
6.661202242753072156e+00
1.825554797578553590e+01
2.404939312768206161e+00
4.613846612388805113e+00
7.840872690360567887e+00
1.467958348163111992e+00
3.647054619857825752e+00
4.738737096390033265e+00
6.022129175231993869e+00
6.245327787763654825e+00
7.194089565522965302e+00
8.956268828916492453e+00
8.431682218236458581e+00
